#Wavelength(nm)   Flambda(ergs/cm^s/s/nm) (arbitrary scaling)
339.999972 1.097347
340.078269 1.093173
340.156584 1.083877
340.234917 1.072937
340.313268 1.064774
340.391637 1.058792
340.470024 1.057411
340.548430 1.055450
340.626853 1.049660
340.705294 1.045031
340.783753 1.048352
340.862231 1.052077
340.940726 1.058336
341.019240 1.067713
341.097771 1.070121
341.176321 1.068270
341.254889 1.065359
341.333475 1.061867
341.412079 1.057951
341.490701 1.056524
341.569341 1.061021
341.647999 1.071790
341.726676 1.085839
341.805370 1.099145
341.884083 1.109626
341.962814 1.114094
342.041563 1.110651
342.120330 1.100588
342.199115 1.088589
342.277918 1.080107
342.356740 1.076450
342.435579 1.076094
342.514437 1.077057
342.593313 1.079126
342.672207 1.084788
342.751119 1.094275
342.830050 1.107640
342.908998 1.119868
342.987965 1.117978
343.066950 1.110790
343.145953 1.098500
343.224975 1.083948
343.304014 1.079683
343.383072 1.088409
343.462148 1.096072
343.541242 1.098775
343.620355 1.097426
343.699485 1.088647
343.778634 1.076112
343.857801 1.059824
343.936987 1.040446
344.016190 1.020757
344.095412 1.004985
344.174652 0.999923
344.253910 1.004205
344.333187 1.012304
344.412481 1.020144
344.491794 1.027888
344.571126 1.037583
344.650475 1.048455
344.729843 1.061557
344.809229 1.078608
344.888634 1.093847
344.968056 1.094380
345.047497 1.076963
345.126957 1.052521
345.206434 1.034830
345.285930 1.023977
345.365444 1.025886
345.444977 1.032034
345.524528 1.034297
345.604097 1.035885
345.683684 1.035368
345.763290 1.023978
345.842914 1.010896
345.922556 1.003956
346.002217 0.996763
346.081896 0.994760
346.161594 0.999147
346.241310 1.012219
346.321044 1.027185
346.400796 1.029987
346.480567 1.030605
346.560357 1.031577
346.640164 1.032151
346.719990 1.033234
346.799835 1.036462
346.879698 1.040696
346.959579 1.047580
347.039478 1.053407
347.119396 1.052553
347.199333 1.043256
347.279288 1.024441
347.359261 1.008543
347.439252 0.996597
347.519262 0.987141
347.599291 0.989037
347.679338 0.997256
347.759403 1.006348
347.839487 1.012843
347.919589 1.016309
347.999710 1.018758
348.079849 1.019195
348.160007 1.013994
348.240183 1.006709
348.320377 1.004021
348.400590 1.007988
348.480821 1.018511
348.561071 1.034349
348.641340 1.048320
348.721627 1.052995
348.801932 1.047243
348.882256 1.033540
348.962598 1.018920
349.042959 1.008769
349.123338 1.007679
349.203736 1.017022
349.284153 1.025655
349.364588 1.026224
349.445041 1.016910
349.525513 1.002524
349.606004 0.992677
349.686513 0.994723
349.767040 1.010097
349.847586 1.028978
349.928151 1.037177
350.008734 1.031213
350.089336 1.026931
350.169956 1.029956
350.250595 1.035432
350.331253 1.034782
350.411929 1.024887
350.492623 1.013277
350.573336 1.005517
350.654068 1.004200
350.734819 1.008818
350.815588 1.014129
350.896375 1.013349
350.977181 1.011607
351.058006 1.005809
351.138849 0.997257
351.219712 0.988989
351.300592 0.979389
351.381491 0.977182
351.462409 0.986931
351.543346 1.003383
351.624301 1.019471
351.705275 1.033129
351.786267 1.042178
351.867278 1.040369
351.948308 1.031977
352.029357 1.021201
352.110424 1.008113
352.191509 0.998954
352.272614 0.992239
352.353737 0.986520
352.434879 0.982733
352.516039 0.982264
352.597218 0.985262
352.678416 0.992566
352.759633 1.003387
352.840868 1.015222
352.922122 1.025115
353.003395 1.029974
353.084686 1.027125
353.165996 1.025523
353.247325 1.026282
353.328673 1.027405
353.410039 1.030925
353.491424 1.036185
353.572828 1.037340
353.654250 1.037203
353.735692 1.040446
353.817152 1.046405
353.898630 1.050616
353.980128 1.051271
354.061644 1.045808
354.143179 1.038599
354.224733 1.037467
354.306306 1.044449
354.387897 1.053148
354.469507 1.057223
354.551137 1.055620
354.632784 1.052335
354.714451 1.050960
354.796136 1.050082
354.877841 1.049991
354.959564 1.049757
355.041306 1.048254
355.123066 1.045598
355.204846 1.041522
355.286644 1.032816
355.368461 1.024685
355.450297 1.020721
355.532152 1.021786
355.614026 1.027216
355.695919 1.033279
355.777830 1.034673
355.859760 1.032363
355.941709 1.028441
356.023677 1.027432
356.105664 1.034409
356.187670 1.041815
356.269695 1.042639
356.351738 1.032138
356.433801 1.008040
356.515882 0.980291
356.597983 0.971132
356.680102 0.974597
356.762240 0.981229
356.844397 0.982866
356.926573 0.977716
357.008768 0.969625
357.090981 0.958100
357.173214 0.949175
357.255466 0.945498
357.337736 0.946423
357.420026 0.950012
357.502334 0.954107
357.584662 0.958414
357.667008 0.958918
357.749373 0.955180
357.831758 0.947514
357.914161 0.935567
357.996583 0.923354
358.079025 0.916370
358.161485 0.914726
358.243964 0.915419
358.326462 0.914981
358.408979 0.910515
358.491516 0.901481
358.574071 0.894084
358.656645 0.891999
358.739238 0.893849
358.821851 0.900786
358.904482 0.917671
358.987132 0.936596
359.069802 0.950795
359.152490 0.956937
359.235198 0.957698
359.317924 0.959003
359.400670 0.963821
359.483434 0.973224
359.566218 0.983808
359.649020 0.991873
359.731842 0.997590
359.814683 1.003208
359.897543 1.007569
359.980422 1.007837
360.063320 0.999918
360.146237 0.986980
360.229174 0.973423
360.312129 0.961129
360.395104 0.956202
360.478097 0.957215
360.561110 0.962773
360.644142 0.966142
360.727193 0.961470
360.810263 0.952520
360.893352 0.947088
360.976460 0.948207
361.059588 0.957369
361.142734 0.966386
361.225900 0.968248
361.309085 0.969110
361.392289 0.974987
361.475512 0.983682
361.558755 0.990197
361.642016 0.988693
361.725297 0.974761
361.808597 0.954869
361.891916 0.950936
361.975254 0.958661
362.058612 0.975476
362.141988 0.996729
362.225384 1.012971
362.308799 1.019861
362.392234 1.024323
362.475687 1.034723
362.559160 1.050044
362.642652 1.065440
362.726163 1.074803
362.809693 1.071248
362.893243 1.052334
362.976812 1.018538
363.060400 0.987496
363.144007 0.970095
363.227634 0.967057
363.311280 0.977054
363.394945 0.990829
363.478629 1.002239
363.562333 1.002211
363.646056 0.998438
363.729798 1.004242
363.813560 1.018347
363.897341 1.031306
363.981141 1.037960
364.064960 1.034436
364.148799 1.024011
364.232657 1.011909
364.316534 1.000399
364.400431 0.991983
364.484347 0.986257
364.568282 0.980449
364.652237 0.974636
364.736211 0.971394
364.820204 0.971731
364.904217 0.975015
364.988249 0.984723
365.072300 0.997280
365.156371 1.012592
365.240461 1.025216
365.324570 1.030760
365.408699 1.034923
365.492847 1.035690
365.577014 1.039145
365.661201 1.047153
365.745408 1.054091
365.829633 1.056193
365.913878 1.054902
365.998143 1.049093
366.082427 1.042047
366.166730 1.032021
366.251053 1.024480
366.335395 1.022793
366.419757 1.023106
366.504138 1.024828
366.588538 1.025704
366.672958 1.020189
366.757397 1.010929
366.841856 1.001875
366.926334 0.998160
367.010832 1.005888
367.095349 1.017752
367.179885 1.027807
367.264441 1.030902
367.349017 1.028811
367.433612 1.022758
367.518226 1.011006
367.602860 0.997945
367.687514 0.985456
367.772187 0.973684
367.856879 0.964558
367.941591 0.960465
368.026322 0.963893
368.111073 0.974516
368.195844 0.983591
368.280634 0.988730
368.365443 0.987065
368.450272 0.977499
368.535121 0.960685
368.619989 0.943048
368.704877 0.938260
368.789784 0.947346
368.874711 0.966782
368.959657 0.986298
369.044623 0.999468
369.129608 1.003992
369.214613 0.999829
369.299638 0.995641
369.384682 0.992706
369.469746 0.986031
369.554829 0.977777
369.639932 0.973461
369.725055 0.978286
369.810197 0.995801
369.895359 1.018573
369.980540 1.038985
370.065741 1.042240
370.150961 1.024463
370.236202 0.984645
370.321462 0.929752
370.406741 0.887736
370.492040 0.865991
370.577359 0.875602
370.662697 0.903167
370.748055 0.930396
370.833433 0.944613
370.918831 0.940143
371.004248 0.926097
371.089684 0.911940
371.175141 0.909388
371.260617 0.925882
371.346113 0.956766
371.431628 0.993916
371.517163 1.031032
371.602718 1.055427
371.688293 1.061110
371.773887 1.044898
371.859501 1.003879
371.945134 0.938513
372.030788 0.871292
372.116461 0.833795
372.202154 0.825569
372.287866 0.883269
372.373599 1.375626
372.459351 3.931541
372.545123 9.065282
372.630914 10.665858
372.716725 7.974873
372.802556 9.655665
372.888407 12.016870
372.974278 7.701121
373.060168 2.768514
373.146078 1.168224
373.232008 0.908725
373.317958 0.834951
373.403928 0.782281
373.489917 0.766770
373.575926 0.790832
373.661955 0.848581
373.748004 0.919635
373.834072 0.993389
373.920161 1.066929
374.006269 1.112739
374.092397 1.139059
374.178545 1.142466
374.264713 1.130447
374.350900 1.106260
374.437108 1.075223
374.523335 1.041748
374.609582 0.993471
374.695849 0.935680
374.782136 0.870274
374.868443 0.805338
374.954769 0.768779
375.041116 0.778574
375.127482 0.823207
375.213868 0.885367
375.300274 0.961798
375.386700 1.034866
375.473146 1.088337
375.559612 1.123289
375.646098 1.131792
375.732604 1.117729
375.819129 1.108462
375.905675 1.105006
375.992240 1.108235
376.078825 1.118401
376.165431 1.129456
376.252056 1.133724
376.338701 1.130536
376.425366 1.117733
376.512052 1.084973
376.598757 1.039147
376.685482 0.992906
376.772227 0.937820
376.858992 0.880486
376.945777 0.830092
377.032582 0.798341
377.119407 0.804408
377.206252 0.846004
377.293117 0.909826
377.380001 0.965031
377.466906 1.019039
377.553831 1.069535
377.640776 1.112106
377.727741 1.156030
377.814726 1.198173
377.901732 1.232856
377.988757 1.268181
378.075802 1.290240
378.162867 1.303889
378.249952 1.315557
378.337058 1.320244
378.424183 1.313235
378.511328 1.294198
378.598494 1.267531
378.685679 1.238636
378.772885 1.217246
378.860111 1.201385
378.947357 1.182684
379.034622 1.162107
379.121908 1.139690
379.209215 1.102342
379.296541 1.060124
379.383887 1.009797
379.471253 0.944205
379.558640 0.876525
379.646047 0.811210
379.733473 0.754443
379.820920 0.734556
379.908387 0.762766
379.995875 0.831252
380.083382 0.909265
380.170910 0.992845
380.258457 1.061187
380.346025 1.113256
380.433613 1.155903
380.521221 1.175609
380.608850 1.191346
380.696498 1.211730
380.784167 1.238628
380.871856 1.273817
380.959565 1.305747
381.047294 1.325291
381.135043 1.326926
381.222813 1.308282
381.310603 1.284440
381.398413 1.261490
381.486244 1.253527
381.574094 1.258063
381.661965 1.263535
381.749856 1.262405
381.837767 1.245538
381.925699 1.214674
382.013650 1.195829
382.101623 1.195640
382.189615 1.212344
382.277627 1.217639
382.365660 1.198677
382.453713 1.169198
382.541787 1.140084
382.629880 1.115004
382.717994 1.097670
382.806128 1.072843
382.894283 1.045815
382.982458 1.013909
383.070653 0.966197
383.158868 0.910563
383.247104 0.848696
383.335360 0.777645
383.423636 0.716959
383.511933 0.689129
383.600250 0.696904
383.688588 0.728678
383.776945 0.780223
383.865323 0.836143
383.953722 0.891850
384.042141 0.956584
384.130580 1.023584
384.219039 1.079447
384.307519 1.135579
384.396020 1.168964
384.484540 1.198030
384.573081 1.224560
384.661643 1.247840
384.750224 1.267824
384.838827 1.279136
384.927449 1.284131
385.016092 1.294565
385.104756 1.309608
385.193440 1.325380
385.282144 1.333188
385.370869 1.328499
385.459614 1.319394
385.548379 1.312339
385.637165 1.308433
385.725972 1.306383
385.814799 1.300868
385.903646 1.299650
385.992514 1.308417
386.081402 1.327714
386.170311 1.340561
386.259240 1.337422
386.348190 1.326813
386.437160 1.319611
386.526151 1.318658
386.615162 1.352075
386.704194 1.606856
386.793246 2.295951
386.882319 2.724960
386.971412 2.173167
387.060525 1.515579
387.149660 1.291714
387.238814 1.254790
387.327990 1.260061
387.417186 1.274861
387.506402 1.285934
387.595639 1.274101
387.684896 1.239884
387.774174 1.210187
387.863473 1.190018
387.952792 1.177973
388.042132 1.166877
388.131492 1.139483
388.220873 1.103119
388.310274 1.076737
388.399696 1.035189
388.489139 0.979727
388.578602 0.916282
388.668086 0.876656
388.757591 1.032060
388.847116 1.435677
388.936661 1.528215
389.026228 1.156860
389.115815 0.921106
389.205422 0.929274
389.295050 0.984623
389.384699 1.034799
389.474369 1.072695
389.564059 1.112481
389.653769 1.153681
389.743501 1.182387
389.833253 1.202662
389.923026 1.223480
390.012819 1.246112
390.102633 1.272529
390.192468 1.289453
390.282323 1.298327
390.372200 1.295912
390.462097 1.291263
390.552014 1.294589
390.641952 1.309643
390.731911 1.337922
390.821891 1.371411
390.911892 1.398870
391.001913 1.412946
391.091955 1.419447
391.182017 1.418823
391.272101 1.411508
391.362205 1.401295
391.452329 1.392574
391.542475 1.388043
391.632641 1.386756
391.722829 1.384607
391.813036 1.377934
391.903265 1.365136
391.993515 1.357816
392.083785 1.355473
392.174076 1.359870
392.264388 1.366502
392.354720 1.367248
392.445074 1.361403
392.535448 1.346719
392.625843 1.321356
392.716259 1.296872
392.806695 1.266085
392.897153 1.233615
392.987631 1.198039
393.078130 1.146498
393.168650 1.077806
393.259191 1.005752
393.349753 0.961231
393.440336 0.973922
393.530939 1.035225
393.621563 1.108230
393.712208 1.177756
393.802874 1.237696
393.893561 1.278759
393.984269 1.311724
394.074998 1.332145
394.165747 1.337658
394.256518 1.332244
394.347309 1.324914
394.438122 1.324719
394.528955 1.330149
394.619809 1.335216
394.710684 1.335042
394.801580 1.333056
394.892497 1.334933
394.983435 1.340284
395.074393 1.338398
395.165373 1.329653
395.256374 1.324826
395.347395 1.325048
395.438438 1.320811
395.529501 1.306640
395.620586 1.286243
395.711691 1.271080
395.802818 1.267572
395.893965 1.253744
395.985134 1.215594
396.076323 1.165578
396.167534 1.109658
396.258765 1.063265
396.350018 1.020251
396.441291 0.962802
396.532586 0.897115
396.623901 0.815666
396.715238 0.726005
396.806595 0.715295
396.897974 0.879546
396.989373 1.074599
397.080794 0.977876
397.172236 0.806770
397.263699 0.796090
397.355183 0.867308
397.446688 0.944381
397.538214 1.008047
397.629761 1.068775
397.721329 1.120403
397.812918 1.165126
397.904529 1.212443
397.996160 1.242806
398.087813 1.263991
398.179486 1.273774
398.271181 1.282098
398.362897 1.296565
398.454634 1.314363
398.546392 1.335150
398.638171 1.356286
398.729972 1.373128
398.821793 1.386914
398.913636 1.392044
399.005500 1.398323
399.097385 1.408921
399.189291 1.421827
399.281218 1.432412
399.373167 1.432649
399.465136 1.425798
399.557127 1.415426
399.649139 1.406481
399.741172 1.407586
399.833227 1.421284
399.925302 1.441098
400.017399 1.450345
400.109517 1.455885
400.201656 1.455629
400.293817 1.444983
400.385999 1.420212
400.478201 1.394804
400.570426 1.386918
400.662671 1.401318
400.754938 1.427038
400.847225 1.446369
400.939535 1.453355
401.031865 1.456636
401.124217 1.460631
401.216589 1.466205
401.308984 1.470778
401.401399 1.477202
401.493836 1.482426
401.586294 1.483713
401.678773 1.486149
401.771274 1.492261
401.863796 1.501191
401.956339 1.509328
402.048903 1.509744
402.141489 1.500359
402.234096 1.483109
402.326725 1.458129
402.419375 1.434559
402.512046 1.422018
402.604738 1.430509
402.697452 1.451195
402.790187 1.471482
402.882944 1.471273
402.975722 1.449330
403.068521 1.426817
403.161342 1.415422
403.254184 1.415670
403.347047 1.425170
403.439932 1.444140
403.532838 1.473268
403.625766 1.500671
403.718715 1.523048
403.811685 1.531009
403.904677 1.523189
403.997690 1.509462
404.090725 1.506088
404.183781 1.502625
404.276858 1.484381
404.369957 1.446465
404.463077 1.401123
404.556219 1.382191
404.649382 1.407388
404.742567 1.451507
404.835773 1.486511
404.929001 1.507123
405.022250 1.509706
405.115520 1.501641
405.208812 1.484858
405.302126 1.465100
405.395461 1.450545
405.488818 1.446457
405.582196 1.443002
405.675595 1.436555
405.769016 1.436137
405.862459 1.447426
405.955923 1.465354
406.049408 1.470733
406.142915 1.447653
406.236444 1.411844
406.329994 1.390635
406.423566 1.384501
406.517159 1.380930
406.610774 1.381935
406.704410 1.386361
406.798068 1.395390
406.891748 1.402626
406.985449 1.390064
407.079171 1.364975
407.172916 1.353508
407.266681 1.360986
407.360469 1.374842
407.454278 1.371104
407.548108 1.338264
407.641961 1.301720
407.735835 1.286213
407.829730 1.296343
407.923647 1.332320
408.017586 1.366461
408.111546 1.386893
408.205528 1.380326
408.299532 1.360171
408.393557 1.339446
408.487604 1.327322
408.581672 1.326411
408.675763 1.332291
408.769875 1.333591
408.864008 1.329501
408.958163 1.314214
409.052340 1.291055
409.146539 1.275092
409.240759 1.257352
409.335001 1.229134
409.429265 1.192037
409.523551 1.136518
409.617858 1.080285
409.712187 1.029530
409.806537 0.979283
409.900909 0.961230
409.995303 1.207608
410.089719 1.986587
410.184157 2.434219
410.278616 1.776922
410.373097 1.098443
410.467600 0.958910
410.562124 1.008929
410.656671 1.065914
410.751239 1.110063
410.845829 1.137746
410.940440 1.162127
411.035074 1.186485
411.129729 1.212048
411.224406 1.241052
411.319105 1.263460
411.413825 1.287164
411.508568 1.304384
411.603332 1.313488
411.698118 1.314093
411.792926 1.303058
411.887756 1.299298
411.982607 1.303158
412.077481 1.309777
412.172376 1.319305
412.267293 1.330511
412.362232 1.345471
412.457193 1.359335
412.552176 1.360358
412.647180 1.346964
412.742207 1.331020
412.837255 1.323930
412.932325 1.321517
413.027417 1.318509
413.122532 1.313191
413.217667 1.305914
413.312825 1.313937
413.408005 1.338428
413.503207 1.367263
413.598430 1.389310
413.693676 1.403795
413.788943 1.412909
413.884233 1.421199
413.979544 1.423098
414.074877 1.406614
414.170233 1.366082
414.265610 1.327988
414.361009 1.314170
414.456430 1.328333
414.551873 1.359831
414.647338 1.383598
414.742825 1.390153
414.838334 1.383684
414.933865 1.375746
415.029418 1.374214
415.124994 1.376022
415.220591 1.373744
415.316210 1.368762
415.411851 1.359140
415.507514 1.352167
415.603199 1.354208
415.698906 1.365678
415.794635 1.382640
415.890387 1.397763
415.986160 1.402643
416.081955 1.404839
416.177773 1.408876
416.273612 1.415531
416.369474 1.419333
416.465358 1.417353
416.561263 1.408292
416.657191 1.395347
416.753141 1.388126
416.849113 1.389103
416.945107 1.388288
417.041123 1.368619
417.137162 1.333553
417.233222 1.308215
417.329305 1.304233
417.425409 1.321592
417.521536 1.339054
417.617685 1.342814
417.713856 1.334963
417.810050 1.333867
417.906265 1.341264
418.002503 1.351162
418.098762 1.355632
418.195044 1.358864
418.291348 1.367973
418.387674 1.382453
418.484023 1.391541
418.580393 1.382557
418.676786 1.368113
418.773201 1.363977
418.869638 1.367207
418.966098 1.370802
419.062579 1.372994
419.159083 1.378645
419.255609 1.387697
419.352158 1.388429
419.448728 1.371528
419.545321 1.344192
419.641936 1.320282
419.738573 1.302355
419.835233 1.293478
419.931914 1.291423
420.028618 1.296878
420.125345 1.301564
420.222093 1.307767
420.318864 1.319859
420.415657 1.337440
420.512473 1.355837
420.609310 1.371390
420.706170 1.383482
420.803053 1.385214
420.899957 1.382468
420.996884 1.379899
421.093834 1.383717
421.190805 1.388439
421.287799 1.379244
421.384815 1.355139
421.481854 1.330293
421.578915 1.328202
421.675998 1.355379
421.773104 1.387963
421.870232 1.412149
421.967382 1.422240
422.064555 1.419922
422.161750 1.405941
422.258968 1.379669
422.356208 1.337321
422.453470 1.283450
422.550755 1.240790
422.648062 1.229829
422.745391 1.262314
422.842743 1.322240
422.940118 1.380039
423.037514 1.400022
423.134934 1.392026
423.232375 1.365355
423.329839 1.339388
423.427326 1.327469
423.524835 1.330632
423.622366 1.335311
423.719920 1.338250
423.817497 1.344342
423.915095 1.354165
424.012717 1.364897
424.110360 1.378608
424.208027 1.388474
424.305715 1.399057
424.403427 1.408750
424.501160 1.402032
424.598917 1.381569
424.696696 1.357806
424.794497 1.338680
424.892321 1.329050
424.990167 1.326969
425.088036 1.335836
425.185927 1.346185
425.283841 1.349319
425.381778 1.341362
425.479737 1.340335
425.577718 1.354627
425.675723 1.363743
425.773749 1.352296
425.871799 1.323168
425.969870 1.297342
426.067965 1.300253
426.166082 1.330274
426.264222 1.372878
426.362384 1.403266
426.460569 1.411005
426.558776 1.406226
426.657006 1.391765
426.755259 1.369279
426.853534 1.341946
426.951832 1.307867
427.050153 1.271261
427.148496 1.252348
427.246862 1.252358
427.345251 1.267785
427.443662 1.288994
427.542096 1.315056
427.640552 1.345773
427.739032 1.369991
427.837533 1.371888
427.936058 1.358894
428.034605 1.342835
428.133175 1.339767
428.231768 1.338869
428.330383 1.337658
428.429021 1.332796
428.527682 1.323907
428.626366 1.315499
428.725072 1.298686
428.823801 1.273956
428.922553 1.243654
429.021327 1.231216
429.120124 1.251074
429.218944 1.283256
429.317787 1.293023
429.416652 1.286611
429.515540 1.271781
429.614451 1.261889
429.713385 1.240081
429.812342 1.211438
429.911321 1.179632
430.010323 1.162305
430.109348 1.160698
430.208396 1.172349
430.307467 1.182366
430.406560 1.193289
430.505676 1.198297
430.604815 1.185842
430.703977 1.163828
430.803162 1.153787
430.902369 1.165578
431.001599 1.190613
431.100853 1.216443
431.200129 1.228536
431.299428 1.230056
431.398749 1.245440
431.498094 1.273879
431.597462 1.318970
431.696852 1.350401
431.796265 1.354078
431.895702 1.334994
431.995161 1.316210
432.094643 1.297751
432.194148 1.276518
432.293676 1.239967
432.393226 1.185674
432.492800 1.146360
432.592397 1.149014
432.692016 1.188260
432.791659 1.234045
432.891324 1.248828
432.991012 1.230941
433.090724 1.206576
433.190458 1.190261
433.290215 1.175513
433.389996 1.159190
433.489799 1.121305
433.589625 1.056970
433.689474 0.979918
433.789346 1.047117
433.889242 1.874845
433.989160 3.466095
434.089101 3.653535
434.189065 2.132401
434.289052 1.154087
434.389063 0.989328
434.489096 1.029176
434.589152 1.077685
434.689232 1.125034
434.789334 1.163197
434.889460 1.183219
434.989608 1.173872
435.089780 1.148318
435.189974 1.143778
435.290192 1.173798
435.390433 1.218628
435.490697 1.258953
435.590984 1.281187
435.691294 1.289166
435.791627 1.282989
435.891983 1.278212
435.992363 1.290307
436.092765 1.325472
436.193191 1.399951
436.293640 1.474160
436.394112 1.464008
436.494607 1.401050
436.595125 1.352776
436.695666 1.317290
436.796231 1.296968
436.896818 1.290842
436.997429 1.295160
437.098063 1.296723
437.198720 1.286600
437.299400 1.264867
437.400104 1.237951
437.500831 1.227885
437.601580 1.251468
437.702354 1.289379
437.803150 1.309985
437.903969 1.312567
438.004812 1.298419
438.105678 1.259339
438.206567 1.199519
438.307480 1.144758
438.408415 1.120786
438.509374 1.148941
438.610356 1.195530
438.711362 1.224584
438.812390 1.230999
438.913442 1.230000
439.014517 1.233033
439.115616 1.243229
439.216738 1.257247
439.317883 1.257738
439.419051 1.248667
439.520243 1.251929
439.621458 1.277168
439.722696 1.299972
439.823957 1.292781
439.925242 1.264325
440.026550 1.251274
440.127882 1.253061
440.229237 1.258659
440.330615 1.241535
440.432017 1.214654
440.533441 1.212783
440.634890 1.227901
440.736361 1.239578
440.837856 1.251904
440.939375 1.270052
441.040916 1.300157
441.142481 1.319340
441.244070 1.309529
441.345682 1.278399
441.447317 1.238379
441.548976 1.216671
441.650658 1.225662
441.752364 1.253639
441.854093 1.286580
441.955845 1.306492
442.057621 1.303904
442.159420 1.284872
442.261243 1.272332
442.363089 1.274728
442.464958 1.286622
442.566851 1.290561
442.668768 1.289940
442.770708 1.289354
442.872671 1.284766
442.974658 1.278097
443.076669 1.274063
443.178703 1.275337
443.280760 1.268783
443.382841 1.247367
443.484945 1.234189
443.587073 1.247668
443.689225 1.286608
443.791400 1.322782
443.893598 1.335216
443.995820 1.316759
444.098066 1.280249
444.200335 1.244246
444.302628 1.236474
444.404944 1.263679
444.507284 1.299860
444.609647 1.323435
444.712034 1.327070
444.814445 1.321989
444.916879 1.318878
445.019336 1.312734
445.121818 1.308660
445.224323 1.300858
445.326851 1.281684
445.429403 1.252097
445.531979 1.237013
445.634578 1.242152
445.737201 1.252450
445.839848 1.252089
445.942518 1.246338
446.045212 1.242304
446.147929 1.244779
446.250671 1.258519
446.353436 1.277130
446.456224 1.284094
446.559036 1.277830
446.661872 1.264700
446.764732 1.252041
446.867615 1.238734
446.970522 1.229077
447.073452 1.238472
447.176407 1.261239
447.279385 1.290052
447.382386 1.316060
447.485412 1.331908
447.588461 1.341725
447.691534 1.348849
447.794631 1.332095
447.897751 1.292455
448.000895 1.235225
448.104063 1.207493
448.207255 1.221303
448.310470 1.275939
448.413709 1.321777
448.516972 1.353436
448.620259 1.353374
448.723570 1.330749
448.826904 1.288355
448.930262 1.266906
449.033644 1.274925
449.137050 1.294336
449.240479 1.303883
449.343933 1.293406
449.447410 1.281365
449.550911 1.277771
449.654436 1.293314
449.757984 1.314691
449.861557 1.319593
449.965153 1.307877
450.068773 1.296331
450.172417 1.301353
450.276085 1.320259
450.379777 1.344826
450.483493 1.360254
450.587233 1.355607
450.690996 1.340360
450.794783 1.328310
450.898595 1.325547
451.002430 1.331257
451.106289 1.334264
451.210172 1.324596
451.314079 1.308050
451.418010 1.292575
451.521965 1.284662
451.625943 1.283101
451.729946 1.285330
451.833973 1.287513
451.938023 1.292630
452.042098 1.299137
452.146196 1.297345
452.250319 1.286449
452.354465 1.273536
452.458636 1.264362
452.562830 1.252537
452.667049 1.234068
452.771291 1.215160
452.875558 1.203236
452.979848 1.205173
453.084163 1.219476
453.188501 1.231393
453.292864 1.226575
453.397250 1.214329
453.501661 1.214348
453.606095 1.239175
453.710554 1.275810
453.815037 1.296038
453.919544 1.290247
454.024075 1.270055
454.128629 1.255038
454.233208 1.257222
454.337812 1.265920
454.442439 1.270014
454.547090 1.264758
454.651765 1.257871
454.756465 1.247149
454.861189 1.228841
454.965936 1.216368
455.070708 1.221530
455.175504 1.236178
455.280324 1.237132
455.385168 1.225960
455.490037 1.219427
455.594929 1.229237
455.699846 1.254113
455.804787 1.279221
455.909752 1.292586
456.014741 1.299005
456.119754 1.297888
456.224792 1.291692
456.329854 1.270417
456.434940 1.248656
456.540050 1.242459
456.645184 1.255217
456.750343 1.278520
456.855525 1.294249
456.960732 1.288275
457.065964 1.270525
457.171219 1.255006
457.276499 1.256424
457.381803 1.270793
457.487131 1.280300
457.592483 1.280334
457.697860 1.278759
457.803261 1.268734
457.908686 1.249234
458.014136 1.228078
458.119609 1.215672
458.225108 1.212919
458.330630 1.211626
458.436177 1.210241
458.541748 1.216266
458.647343 1.230344
458.752963 1.247671
458.858606 1.258981
458.964275 1.262083
459.069967 1.255629
459.175684 1.243959
459.281426 1.235544
459.387191 1.231446
459.492981 1.231624
459.598796 1.233567
459.704634 1.237564
459.810497 1.241849
459.916385 1.245038
460.022297 1.245950
460.128233 1.245032
460.234194 1.246094
460.340179 1.244014
460.446188 1.238206
460.552222 1.236838
460.658280 1.248492
460.764363 1.268931
460.870470 1.289259
460.976602 1.297205
461.082758 1.290632
461.188938 1.277101
461.295143 1.267784
461.401372 1.266636
461.507626 1.270810
461.613904 1.271007
461.720207 1.269891
461.826534 1.266574
461.932886 1.263788
462.039262 1.266218
462.145663 1.274959
462.252088 1.282970
462.358538 1.283177
462.465012 1.278589
462.571511 1.272995
462.678034 1.268692
462.784582 1.262150
462.891155 1.256368
462.997751 1.258058
463.104373 1.265314
463.211019 1.269060
463.317689 1.261674
463.424385 1.249010
463.531104 1.242593
463.637849 1.241670
463.744617 1.237268
463.851411 1.231465
463.958229 1.229731
464.065071 1.234391
464.171939 1.244515
464.278831 1.250642
464.385747 1.243177
464.492688 1.225514
464.599654 1.201473
464.706644 1.180960
464.813659 1.177924
464.920699 1.193202
465.027763 1.218022
465.134852 1.239263
465.241966 1.249147
465.349104 1.245531
465.456267 1.231821
465.563454 1.220820
465.670667 1.225370
465.777904 1.246269
465.885165 1.273960
465.992452 1.287895
466.099763 1.280305
466.207099 1.260620
466.314459 1.239067
466.421844 1.224025
466.529254 1.204811
466.636689 1.177213
466.744148 1.154318
466.851633 1.152576
466.959141 1.176317
467.066675 1.206105
467.174234 1.225197
467.281817 1.230303
467.389425 1.230312
467.497058 1.235642
467.604715 1.243561
467.712398 1.242198
467.820105 1.228148
467.927837 1.209896
468.035593 1.196032
468.143375 1.191914
468.251181 1.197321
468.359013 1.202522
468.466869 1.190043
468.574750 1.176249
468.682655 1.183230
468.790586 1.198695
468.898541 1.206115
469.006522 1.207980
469.114527 1.206014
469.222557 1.202973
469.330612 1.207061
469.438692 1.215900
469.546796 1.222494
469.654926 1.220635
469.763081 1.206821
469.871260 1.188202
469.979464 1.176901
470.087693 1.170674
470.195948 1.164709
470.304227 1.163600
470.412531 1.171755
470.520860 1.181362
470.629214 1.182481
470.737592 1.173710
470.845996 1.165942
470.954425 1.169285
471.062879 1.181188
471.171358 1.189137
471.279861 1.182780
471.388390 1.171546
471.496944 1.172178
471.605522 1.189051
471.714126 1.211826
471.822755 1.227732
471.931408 1.233660
472.040087 1.236013
472.148791 1.232260
472.257520 1.228184
472.366273 1.231413
472.475052 1.235698
472.583856 1.228487
472.692685 1.202727
472.801539 1.171218
472.910418 1.153375
473.019323 1.152245
473.128252 1.163677
473.237206 1.177813
473.346186 1.190195
473.455190 1.195524
473.564220 1.191815
473.673275 1.189863
473.782354 1.194660
473.891459 1.202683
474.000590 1.205283
474.109745 1.201203
474.218925 1.200098
474.328131 1.204320
474.437361 1.205262
474.546617 1.207954
474.655898 1.213789
474.765204 1.220624
474.874536 1.226284
474.983892 1.228791
475.093274 1.230124
475.202681 1.225197
475.312113 1.212358
475.421570 1.201442
475.531052 1.194430
475.640560 1.194552
475.750093 1.200720
475.859651 1.211600
475.969234 1.220983
476.078843 1.217851
476.188477 1.198993
476.298136 1.174245
476.407820 1.159559
476.517530 1.154977
476.627265 1.156300
476.737025 1.165276
476.846810 1.189719
476.956621 1.211619
477.066457 1.217679
477.176318 1.208237
477.286205 1.206427
477.396117 1.219273
477.506054 1.234036
477.616016 1.241016
477.726004 1.240983
477.836017 1.240735
477.946056 1.236092
478.056119 1.228169
478.166209 1.223291
478.276323 1.215595
478.386463 1.207523
478.496628 1.201142
478.606819 1.194518
478.717035 1.188964
478.827276 1.190301
478.937543 1.192117
479.047835 1.192164
479.158153 1.199876
479.268496 1.218741
479.378864 1.241164
479.489258 1.257926
479.599677 1.260275
479.710122 1.243077
479.820592 1.219942
479.931087 1.202157
480.041608 1.199077
480.152154 1.212812
480.262726 1.232006
480.373324 1.234255
480.483946 1.218839
480.594595 1.202966
480.705268 1.198066
480.815968 1.198009
480.926692 1.201502
481.037442 1.207193
481.148218 1.212153
481.259019 1.212184
481.369846 1.211417
481.480698 1.216781
481.591576 1.223540
481.702480 1.231044
481.813408 1.238889
481.924363 1.243244
482.035343 1.243447
482.146348 1.232117
482.257379 1.205685
482.368436 1.178198
482.479518 1.167893
482.590626 1.182426
482.701759 1.197400
482.812918 1.195140
482.924103 1.189662
483.035313 1.184800
483.146549 1.174643
483.257810 1.165994
483.369097 1.168507
483.480410 1.177681
483.591748 1.181278
483.703112 1.178542
483.814502 1.171090
483.925917 1.157699
484.037358 1.146192
484.148825 1.141312
484.260317 1.137796
484.371835 1.134149
484.483378 1.138331
484.594948 1.142136
484.706543 1.135398
484.818163 1.110343
484.929810 1.090552
485.041482 1.086520
485.153179 1.086447
485.264903 1.075287
485.376652 1.042799
485.488427 0.994277
485.600228 0.952833
485.712054 0.951841
485.823907 1.215887
485.935784 2.990640
486.047688 7.004651
486.159618 8.476216
486.271573 4.846710
486.383554 1.715915
486.495561 0.944041
486.607594 0.916629
486.719652 0.960002
486.831736 0.993211
486.943846 1.007827
487.055982 1.003288
487.168144 0.994274
487.280331 1.004227
487.392545 1.034183
487.504784 1.063000
487.617049 1.078168
487.729340 1.091829
487.841657 1.109841
487.953999 1.130272
488.066368 1.138381
488.178762 1.132896
488.291182 1.124412
488.403629 1.118827
488.516101 1.106931
488.628599 1.096654
488.741122 1.101992
488.853672 1.107613
488.966248 1.099425
489.078849 1.082151
489.191477 1.084260
489.304130 1.117318
489.416810 1.166493
489.529515 1.199602
489.642247 1.208762
489.755004 1.206097
489.867787 1.194255
489.980596 1.177249
490.093431 1.167752
490.206293 1.165209
490.319180 1.161908
490.432093 1.162849
490.545032 1.177192
490.657997 1.194902
490.770988 1.189747
490.884006 1.163913
490.997049 1.132165
491.110118 1.118028
491.223213 1.128330
491.336335 1.152314
491.449482 1.172467
491.562656 1.184373
491.675855 1.180007
491.789081 1.139661
491.902332 1.082257
492.015610 1.040014
492.128914 1.037582
492.242244 1.059453
492.355600 1.079008
492.468982 1.090549
492.582390 1.110073
492.695825 1.141785
492.809285 1.166836
492.922772 1.184965
493.036284 1.194606
493.149823 1.186297
493.263388 1.161005
493.376979 1.132060
493.490597 1.125411
493.604240 1.131939
493.717910 1.122620
493.831606 1.097408
493.945328 1.087689
494.059076 1.115065
494.172850 1.152482
494.286651 1.175583
494.400478 1.179312
494.514331 1.175079
494.628210 1.168380
494.742116 1.168147
494.856047 1.177596
494.970005 1.184144
495.083989 1.185359
495.198000 1.181993
495.312037 1.175305
495.426099 1.176848
495.540189 1.289689
495.654304 2.328197
495.768446 5.684289
495.882614 8.582487
495.996808 6.348494
496.111029 2.718635
496.225276 1.372969
496.339549 1.180661
496.453849 1.153550
496.568175 1.130641
496.682527 1.117342
496.796905 1.114864
496.911310 1.117800
497.025741 1.124811
497.140199 1.136952
497.254683 1.152455
497.369193 1.164107
497.483730 1.166524
497.598293 1.162312
497.712882 1.150388
497.827498 1.134337
497.942140 1.120474
498.056809 1.106509
498.171504 1.079555
498.286226 1.047901
498.400973 1.036612
498.515748 1.048970
498.630548 1.083657
498.745376 1.115014
498.860229 1.129637
498.975109 1.121694
499.090016 1.111925
499.204949 1.110644
499.319908 1.117223
499.434894 1.121647
499.549906 1.126882
499.664945 1.133693
499.780010 1.128186
499.895102 1.109250
500.010221 1.084138
500.125366 1.069229
500.240537 1.106412
500.355735 1.767546
500.470959 6.190975
500.586210 17.176736
500.701488 22.751340
500.816792 13.564279
500.932122 4.168684
501.047480 1.419541
501.162863 1.089780
501.278274 1.044552
501.393710 1.020897
501.509174 1.022391
501.624664 1.031370
501.740181 1.029789
501.855724 1.023194
501.971294 1.030344
502.086890 1.045511
502.202513 1.052448
502.318163 1.059203
502.433839 1.074866
502.549542 1.089975
502.665272 1.087312
502.781028 1.076987
502.896811 1.079384
503.012621 1.091581
503.128457 1.106694
503.244320 1.123036
503.360210 1.132273
503.476126 1.119069
503.592069 1.091139
503.708039 1.073659
503.824035 1.065231
503.940058 1.043452
504.056108 1.004254
504.172185 0.989681
504.288288 1.023076
504.404418 1.082248
504.520575 1.127199
504.636758 1.140778
504.752969 1.122823
504.869206 1.091072
504.985469 1.065726
505.101760 1.058173
505.218077 1.059101
505.334422 1.073427
505.450793 1.097733
505.567190 1.110332
505.683615 1.114626
505.800066 1.119957
505.916544 1.130042
506.033049 1.141802
506.149581 1.152160
506.266140 1.146073
506.382725 1.118094
506.499338 1.083767
506.615977 1.069007
506.732643 1.069758
506.849336 1.076884
506.966056 1.085304
507.082802 1.090007
507.199576 1.083390
507.316376 1.074993
507.433204 1.076751
507.550058 1.082500
507.666939 1.086517
507.783847 1.079046
507.900782 1.049831
508.017744 1.017753
508.134733 1.018031
508.251749 1.036981
508.368792 1.054181
508.485862 1.067746
508.602958 1.079852
508.720082 1.087149
508.837232 1.090710
508.954410 1.095806
509.071615 1.102214
509.188846 1.109933
509.306105 1.119259
509.423390 1.122684
509.540703 1.107785
509.658042 1.081433
509.775409 1.051278
509.892803 1.028711
510.010223 1.034899
510.127671 1.063140
510.245146 1.089394
510.362648 1.093241
510.480177 1.084355
510.597733 1.073810
510.715316 1.061098
510.832926 1.050530
510.950563 1.044928
511.068227 1.052368
511.185918 1.068961
511.303637 1.085876
511.421382 1.091142
511.539155 1.096292
511.656955 1.105998
511.774782 1.116482
511.892636 1.115836
512.010517 1.102791
512.128425 1.084847
512.246361 1.060364
512.364324 1.038654
512.482313 1.029138
512.600330 1.033865
512.718375 1.039008
512.836446 1.036497
512.954545 1.037136
513.072670 1.046446
513.190823 1.057432
513.309003 1.062658
513.427211 1.070910
513.545445 1.079676
513.663707 1.075406
513.781996 1.050226
513.900313 1.035160
514.018656 1.039102
514.137027 1.040755
514.255425 1.035914
514.373850 1.036012
514.492303 1.043762
514.610783 1.036659
514.729290 1.025498
514.847824 1.028644
514.966386 1.036250
515.084975 1.035955
515.203591 1.027886
515.322235 1.021909
515.440906 1.025468
515.559604 1.040003
515.678330 1.063185
515.797083 1.081075
515.915863 1.087995
516.034671 1.083795
516.153506 1.073556
516.272369 1.059826
516.391258 1.038583
516.510176 1.006387
516.629120 0.945906
516.748092 0.884815
516.867091 0.881037
516.986118 0.918148
517.105172 0.931768
517.224254 0.897181
517.343363 0.893460
517.462499 0.947383
517.581663 1.017266
517.700855 1.044742
517.820073 1.050048
517.939319 1.047909
518.058593 1.034212
518.177894 0.984398
518.297223 0.911748
518.416579 0.875904
518.535963 0.924379
518.655374 0.992119
518.774812 1.025012
518.894278 1.033633
519.013772 1.032229
519.133293 1.010766
519.252842 0.980944
519.372418 0.979102
519.492021 0.992254
519.611653 0.998439
519.731311 1.007440
519.850998 1.023461
519.970712 1.040846
520.090453 1.048126
520.210222 1.042529
520.330019 1.027336
520.449843 0.995556
520.569695 0.966883
520.689574 0.954991
520.809481 0.955637
520.929416 0.964312
521.049378 0.987846
521.169368 1.021854
521.289385 1.048220
521.409431 1.047003
521.529503 1.023039
521.649604 1.002888
521.769732 1.012112
521.889888 1.037664
522.010071 1.058215
522.130282 1.064897
522.250521 1.054160
522.370787 1.026690
522.491082 0.983570
522.611403 0.940289
522.731753 0.928807
522.852130 0.963631
522.972535 1.018834
523.092968 1.041192
523.213429 1.025708
523.333917 0.997644
523.454433 0.989937
523.574976 1.008916
523.695548 1.038543
523.816147 1.055961
523.936774 1.058802
524.057429 1.056200
524.178112 1.053383
524.298822 1.055831
524.419560 1.064115
524.540326 1.059391
524.661120 1.035743
524.781941 1.011808
524.902791 1.004337
525.023668 1.000834
525.144573 1.004473
525.265506 1.017385
525.386467 1.020128
525.507455 1.014141
525.628472 1.025586
525.749516 1.057778
525.870589 1.073231
525.991689 1.063997
526.112817 1.032326
526.233973 0.987591
526.355156 0.945778
526.476368 0.917426
526.597608 0.912027
526.718875 0.931844
526.840171 0.933233
526.961494 0.907055
527.082845 0.907737
527.204225 0.955642
527.325632 0.993694
527.447067 0.981614
527.568530 0.979486
527.690021 1.005917
527.811541 1.043900
527.933088 1.051147
528.054663 1.034219
528.176266 1.010589
528.297897 0.990027
528.419556 0.993715
528.541243 1.027164
528.662958 1.067599
528.784701 1.077448
528.906473 1.074193
529.028272 1.076690
529.150099 1.082148
529.271954 1.074147
529.393838 1.064458
529.515749 1.053196
529.637689 1.020435
529.759657 0.985754
529.881652 0.980818
530.003676 1.005561
530.125728 1.018559
530.247808 1.028068
530.369916 1.049216
530.492052 1.073729
530.614217 1.072248
530.736409 1.061752
530.858630 1.061794
530.980879 1.074719
531.103156 1.078535
531.225461 1.071381
531.347794 1.061127
531.470155 1.047881
531.592545 1.031926
531.714963 1.022032
531.837409 1.027813
531.959883 1.040116
532.082385 1.045195
532.204916 1.042062
532.327475 1.022919
532.450062 1.003525
532.572677 0.993404
532.695321 0.960883
532.817992 0.919731
532.940692 0.917852
533.063421 0.977438
533.186177 1.015987
533.308962 1.025710
533.431775 1.032379
533.554616 1.045256
533.677486 1.047126
533.800384 1.036544
533.923310 1.011517
534.046265 0.984813
534.169248 0.986538
534.292259 1.014520
534.415298 1.028940
534.538366 1.025694
534.661462 1.016797
534.784587 1.008461
534.907740 0.999606
535.030921 1.008071
535.154131 1.030766
535.277369 1.049014
535.400635 1.058694
535.523930 1.071748
535.647253 1.079711
535.770604 1.077440
535.893984 1.073843
536.017393 1.065965
536.140829 1.048532
536.264295 1.031869
536.387788 1.020695
536.511310 1.014252
536.634861 1.010875
536.758440 1.013182
536.882047 1.002282
537.005683 0.971569
537.129347 0.950455
537.253040 0.970993
537.376762 1.015612
537.500511 1.047105
537.624290 1.046546
537.748097 1.041134
537.871932 1.039413
537.995796 1.037303
538.119688 1.024722
538.243609 1.015835
538.367558 1.016852
538.491536 1.025866
538.615543 1.034929
538.739578 1.033667
538.863642 1.019890
538.987734 1.001250
539.111855 0.989588
539.236004 0.986848
539.360182 0.991011
539.484389 0.990308
539.608624 0.974433
539.732888 0.954779
539.857180 0.964969
539.981501 0.989782
540.105851 1.003538
540.230229 1.001982
540.354636 0.980985
540.479072 0.942093
540.603536 0.921129
540.728029 0.944242
540.852550 0.956476
540.977100 0.938319
541.101679 0.917881
541.226287 0.949821
541.350923 0.987958
541.475588 1.004045
541.600282 1.014770
541.725004 1.030667
541.849756 1.029565
541.974536 1.015665
542.099344 1.008987
542.224181 1.011029
542.349048 1.003317
542.473942 0.994652
542.598866 1.011290
542.723818 1.031354
542.848800 1.012402
542.973810 0.974532
543.098848 0.970944
543.223916 0.985310
543.349012 0.978764
543.474137 0.959951
543.599291 0.964520
543.724474 0.992186
543.849686 1.025611
543.974926 1.044527
544.100195 1.047182
544.225493 1.047020
544.350820 1.042067
544.476176 1.018070
544.601561 0.972734
544.726975 0.952200
544.852417 0.973585
544.977888 1.012363
545.103389 1.023437
545.228918 1.016041
545.354476 0.997096
545.480063 0.962717
545.605679 0.949445
545.731324 0.975684
545.856997 1.019277
545.982700 1.026382
546.108432 1.006874
546.234192 0.982446
546.359982 0.973749
546.485800 0.985429
546.611648 0.998695
546.737524 1.004616
546.863430 1.005914
546.989364 1.002412
547.115328 0.994837
547.241320 0.988225
547.367342 0.982610
547.493392 0.965380
547.619472 0.941198
547.745580 0.931539
547.871718 0.964208
547.997884 0.980848
548.124080 0.968466
548.250305 0.956855
548.376559 0.982627
548.502842 1.006624
548.629154 1.005574
548.755495 0.985024
548.881865 0.975822
549.008264 0.985748
549.134692 0.994591
549.261150 0.992856
549.387637 0.988586
549.514152 0.990107
549.640697 0.989781
549.767271 0.985599
549.893874 0.995886
550.020507 0.999878
550.147168 0.984531
550.273859 0.966047
550.400579 0.971898
550.527328 0.970028
550.654106 0.958829
550.780913 0.960069
550.907750 0.978258
551.034616 0.979196
551.161511 0.962250
551.288435 0.948667
551.415388 0.950953
551.542371 0.960363
551.669383 0.972199
551.796424 0.988268
551.923495 1.004613
552.050594 1.009271
552.177723 1.004437
552.304882 1.003154
552.432069 1.000521
552.559286 0.987648
552.686532 0.962360
552.813808 0.937540
552.941112 0.946314
553.068446 0.973657
553.195810 0.990604
553.323202 0.984597
553.450625 0.973517
553.578076 0.968671
553.705557 0.974224
553.833067 0.984954
553.960606 0.993656
554.088175 1.003139
554.215773 1.001146
554.343401 0.987938
554.471058 0.979688
554.598744 0.980961
554.726460 0.988935
554.854205 1.003881
554.981980 1.013399
555.109784 1.012225
555.237617 1.006396
555.365480 0.993556
555.493373 0.987804
555.621294 0.990002
555.749246 0.991523
555.877226 0.989322
556.005237 0.990684
556.133276 0.986104
556.261345 0.977098
556.389444 0.974641
556.517572 0.974902
556.645730 0.971249
556.773917 0.967122
556.902134 0.967636
557.030380 0.972705
557.158656 0.974970
557.286961 0.970584
557.415296 0.969510
557.543660 0.996844
557.672054 1.020124
557.800478 1.017028
557.928931 1.004183
558.057413 0.992297
558.185926 0.985619
558.314468 0.981109
558.443039 0.979090
558.571640 0.957706
558.700271 0.926976
558.828931 0.908152
558.957621 0.915433
559.086341 0.933256
559.215090 0.943438
559.343869 0.944421
559.472677 0.952494
559.601515 0.973573
559.730383 0.977636
559.859281 0.960274
559.988208 0.942093
560.117165 0.932046
560.246151 0.926238
560.375168 0.942980
560.504214 0.978608
560.633289 0.999444
560.762395 1.003705
560.891530 0.999601
561.020695 0.997888
561.149890 1.005916
561.279114 1.005955
561.408368 0.975138
561.537652 0.930945
561.666966 0.926397
561.796309 0.952949
561.925683 0.964324
562.055086 0.965482
562.184519 0.977656
562.313981 0.966492
562.443474 0.940533
562.572996 0.929850
562.702548 0.950490
562.832130 0.969823
562.961742 0.984964
563.091384 0.991910
563.221055 0.987294
563.350756 0.975994
563.480488 0.965010
563.610249 0.954658
563.740040 0.946665
563.869861 0.949009
563.999712 0.950321
564.129592 0.943934
564.259503 0.940398
564.389443 0.950955
564.519414 0.955537
564.649414 0.959933
564.779444 0.960920
564.909505 0.957282
565.039595 0.955150
565.169715 0.964169
565.299865 0.968137
565.430045 0.955778
565.560255 0.947192
565.690495 0.933710
565.820765 0.909245
565.951065 0.898581
566.081395 0.925447
566.211756 0.929118
566.342146 0.931317
566.472566 0.948021
566.603016 0.955056
566.733496 0.943659
566.864006 0.936219
566.994547 0.941009
567.125117 0.952286
567.255717 0.969041
567.386348 0.977991
567.517008 0.976632
567.647699 0.973473
567.778420 0.974698
567.909171 0.968565
568.039952 0.959471
568.170763 0.947812
568.301604 0.932126
568.432475 0.937438
568.563377 0.943173
568.694308 0.935493
568.825270 0.929645
568.956262 0.941675
569.087284 0.957490
569.218337 0.968310
569.349419 0.970079
569.480532 0.967216
569.611675 0.965690
569.742848 0.960645
569.874051 0.947805
570.005284 0.936039
570.136548 0.925514
570.267842 0.927771
570.399166 0.939901
570.530520 0.939755
570.661905 0.921796
570.793320 0.905929
570.924765 0.896908
571.056240 0.895339
571.187746 0.906392
571.319282 0.928016
571.450848 0.949670
571.582445 0.956650
571.714072 0.960052
571.845729 0.961044
571.977417 0.967445
572.109134 0.975830
572.240883 0.982185
572.372661 0.985739
572.504470 0.978150
572.636309 0.962728
572.768179 0.953370
572.900079 0.964509
573.032009 0.965517
573.163970 0.956371
573.295961 0.958243
573.427982 0.974690
573.560034 0.975160
573.692116 0.968410
573.824229 0.963885
573.956372 0.965788
574.088546 0.965829
574.220750 0.961717
574.352984 0.962544
574.485249 0.972313
574.617544 0.974646
574.749870 0.958285
574.882226 0.952423
575.014613 0.963861
575.147030 0.964891
575.279478 0.936720
575.411956 0.922519
575.544465 0.939336
575.677004 0.968647
575.809574 0.977419
575.942175 0.966833
576.074805 0.943573
576.207467 0.926331
576.340159 0.932373
576.472881 0.964344
576.605634 0.981054
576.738418 0.981945
576.871232 0.977162
577.004077 0.970034
577.136952 0.965872
577.269858 0.959781
577.402795 0.955245
577.535762 0.953114
577.668760 0.960668
577.801789 0.962065
577.934848 0.942875
578.067937 0.912064
578.201058 0.894290
578.334209 0.901933
578.467391 0.902194
578.600603 0.905654
578.733846 0.926390
578.867120 0.943154
579.000424 0.943533
579.133759 0.937291
579.267125 0.942195
579.400522 0.959695
579.533949 0.966612
579.667407 0.954632
579.800896 0.942719
579.934415 0.952636
580.067965 0.975456
580.201546 0.980146
580.335158 0.969683
580.468800 0.952987
580.602474 0.947835
580.736178 0.954043
580.869913 0.958528
581.003678 0.964110
581.137475 0.968268
581.271302 0.965509
581.405160 0.957070
581.539049 0.944044
581.672969 0.942160
581.806919 0.959154
581.940901 0.977607
582.074913 0.978820
582.208956 0.971694
582.343030 0.966313
582.477135 0.968464
582.611271 0.971560
582.745437 0.972039
582.879635 0.972390
583.013863 0.973514
583.148123 0.973507
583.282413 0.971265
583.416734 0.962422
583.551086 0.957747
583.685469 0.961379
583.819883 0.961802
583.954328 0.965768
584.088804 0.975014
584.223311 0.979093
584.357849 0.975234
584.492418 0.966168
584.627018 0.952946
584.761649 0.945873
584.896310 0.948739
585.031003 0.952420
585.165727 0.941097
585.300482 0.926493
585.435268 0.925458
585.570085 0.926029
585.704933 0.909428
585.839812 0.898326
585.974722 0.914801
586.109663 0.931670
586.244636 0.934813
586.379639 0.935155
586.514674 0.937862
586.649739 0.929748
586.784836 0.929597
586.919963 0.942707
587.055122 0.949132
587.190312 0.945799
587.325533 0.937726
587.460786 0.932771
587.596069 0.928019
587.731384 0.923035
587.866729 0.918671
588.002106 0.913565
588.137514 0.915429
588.272954 0.921829
588.408424 0.915697
588.543926 0.917580
588.679459 0.908933
588.815023 0.850938
588.950618 0.757575
589.086245 0.725540
589.221902 0.800579
589.357591 0.840236
589.493311 0.810416
589.629063 0.767479
589.764846 0.817527
589.900660 0.871327
590.036505 0.896524
590.172382 0.909610
590.308289 0.914543
590.444229 0.914939
590.580199 0.909586
590.716201 0.911846
590.852234 0.919025
590.988298 0.922187
591.124394 0.925087
591.260521 0.918512
591.396680 0.897618
591.532869 0.886147
591.669091 0.895828
591.805343 0.909077
591.941627 0.916437
592.077942 0.919145
592.214289 0.914928
592.350667 0.911449
592.487077 0.919377
592.623517 0.926291
592.759990 0.920708
592.896493 0.906074
593.033029 0.898821
593.169595 0.911107
593.306193 0.915736
593.442823 0.906517
593.579484 0.905996
593.716176 0.921290
593.852900 0.925243
593.989656 0.919072
594.126443 0.904122
594.263261 0.899918
594.400111 0.909995
594.536992 0.918199
594.673905 0.916212
594.810850 0.902356
594.947826 0.897986
595.084833 0.907764
595.221873 0.907364
595.358943 0.900918
595.496046 0.907419
595.633179 0.902097
595.770345 0.893199
595.907542 0.902623
596.044770 0.917696
596.182030 0.924605
596.319322 0.922891
596.456646 0.915898
596.594001 0.908449
596.731387 0.912841
596.868806 0.920040
597.006256 0.925367
597.143737 0.929538
597.281250 0.928302
597.418795 0.921521
597.556372 0.904423
597.693980 0.892036
597.831620 0.892301
597.969292 0.904272
598.106995 0.915225
598.244730 0.904483
598.382497 0.883266
598.520296 0.880619
598.658126 0.897170
598.795988 0.904447
598.933882 0.909296
599.071807 0.906977
599.209764 0.904806
599.347754 0.915083
599.485774 0.923131
599.623827 0.910119
599.761911 0.895460
599.900027 0.896161
600.038175 0.905218
600.176355 0.905954
600.314567 0.898086
600.452810 0.902998
600.591086 0.897570
600.729393 0.880920
600.867732 0.876804
601.006103 0.900715
601.144505 0.904910
601.282940 0.891167
601.421406 0.887506
601.559905 0.893454
601.698435 0.888933
601.836997 0.891813
601.975591 0.883900
602.114217 0.880388
602.252875 0.886154
602.391565 0.894947
602.530287 0.901666
602.669040 0.905501
602.807826 0.910016
602.946643 0.916196
603.085493 0.917377
603.224375 0.920133
603.363288 0.925716
603.502234 0.934240
603.641211 0.932446
603.780221 0.926438
603.919262 0.920099
604.058336 0.912405
604.197441 0.912830
604.336579 0.920647
604.475749 0.925771
604.614950 0.926621
604.754184 0.927722
604.893450 0.928155
605.032748 0.929042
605.172078 0.925477
605.311440 0.915423
605.450834 0.907486
605.590260 0.899481
605.729719 0.901528
605.869209 0.911459
606.008732 0.917354
606.148287 0.911950
606.287873 0.900294
606.427492 0.888091
606.567144 0.886681
606.706827 0.907428
606.846542 0.923939
606.986290 0.925363
607.126070 0.926818
607.265882 0.928699
607.405726 0.927028
607.545603 0.921335
607.685511 0.909866
607.825452 0.898326
607.965425 0.895007
608.105431 0.894103
608.245468 0.890004
608.385538 0.891696
608.525640 0.892797
608.665774 0.897538
608.805941 0.900323
608.946140 0.892885
609.086371 0.885003
609.226635 0.887183
609.366930 0.896026
609.507258 0.906095
609.647619 0.904507
609.788012 0.904726
609.928437 0.909571
610.068894 0.896398
610.209384 0.862585
610.349906 0.859167
610.490460 0.886452
610.631047 0.899841
610.771666 0.900160
610.912318 0.906878
611.053002 0.906640
611.193718 0.902294
611.334467 0.907679
611.475248 0.910073
611.616062 0.902956
611.756908 0.899993
611.897786 0.895048
612.038697 0.875664
612.179640 0.860393
612.320616 0.871899
612.461624 0.893980
612.602665 0.892906
612.743738 0.885282
612.884844 0.884186
613.025982 0.897311
613.167153 0.908246
613.308356 0.906295
613.449592 0.880457
613.590860 0.836072
613.732161 0.823415
613.873494 0.857562
614.014860 0.882400
614.156258 0.873256
614.297689 0.880863
614.439153 0.897006
614.580649 0.898708
614.722178 0.887842
614.863739 0.875300
615.005333 0.870724
615.146960 0.880404
615.288619 0.887230
615.430311 0.877394
615.572035 0.867603
615.713792 0.865555
615.855582 0.861061
615.997404 0.838687
616.139259 0.801638
616.281146 0.796650
616.423067 0.824370
616.565020 0.849251
616.707006 0.854748
616.849024 0.836576
616.991075 0.822668
617.133159 0.843108
617.275275 0.859044
617.417425 0.860690
617.559607 0.859562
617.701821 0.859117
617.844069 0.865372
617.986349 0.867950
618.128662 0.873080
618.271008 0.877245
618.413386 0.873023
618.555798 0.862850
618.698242 0.851034
618.840719 0.846285
618.983228 0.835008
619.125771 0.821182
619.268346 0.834993
619.410955 0.859945
619.553596 0.869565
619.696270 0.870137
619.838976 0.857629
619.981716 0.847797
620.124489 0.860772
620.267294 0.874244
620.410132 0.875959
620.553003 0.876676
620.695907 0.878191
620.838844 0.877632
620.981814 0.872117
621.124817 0.861381
621.267853 0.841499
621.410921 0.821128
621.554023 0.821229
621.697158 0.834564
621.840325 0.836040
621.983526 0.825997
622.126759 0.830045
622.270026 0.839247
622.413325 0.840127
622.556658 0.842661
622.700023 0.843706
622.843422 0.831969
622.986853 0.805274
623.130318 0.796773
623.273815 0.815831
623.417346 0.843184
623.560910 0.854039
623.704506 0.841416
623.848136 0.822412
623.991799 0.813670
624.135495 0.815571
624.279224 0.809166
624.422986 0.804390
624.566781 0.806968
624.710610 0.818811
624.854471 0.834796
624.998366 0.837973
625.142294 0.822298
625.286255 0.806772
625.430249 0.803591
625.574276 0.801173
625.718336 0.791163
625.862430 0.795013
626.006557 0.815488
626.150716 0.835186
626.294910 0.846160
626.439136 0.841293
626.583395 0.833844
626.727688 0.840615
626.872014 0.837603
627.016373 0.833769
627.160766 0.839275
627.305192 0.842649
627.449651 0.835954
627.594143 0.820478
627.738668 0.805593
627.883227 0.795710
628.027819 0.792956
628.172445 0.804642
628.317103 0.823665
628.461795 0.835601
628.606521 0.841614
628.751279 0.851300
628.896071 0.851722
629.040897 0.837440
629.185756 0.827022
629.330648 0.827686
629.475573 0.829706
629.620532 0.833014
629.765524 0.931515
629.910550 1.191388
630.055609 1.306300
630.200701 1.085635
630.345827 0.882739
630.490986 0.833558
630.636178 0.835638
630.781405 0.847983
630.926664 0.854335
631.071957 0.869302
631.217283 0.879904
631.362643 0.855136
631.508037 0.821861
631.653464 0.810861
631.798924 0.801725
631.944418 0.811752
632.089945 0.826986
632.235506 0.835193
632.381100 0.844058
632.526728 0.849425
632.672390 0.848183
632.818085 0.849783
632.963813 0.847200
633.109575 0.847283
633.255371 0.851721
633.401200 0.840392
633.547063 0.816775
633.692959 0.817159
633.838889 0.829845
633.984853 0.841635
634.130850 0.843094
634.276881 0.830668
634.422945 0.820491
634.569043 0.825832
634.715175 0.832461
634.861341 0.844402
635.007540 0.852043
635.153772 0.853354
635.300039 0.845174
635.446339 0.833213
635.592673 0.831534
635.739040 0.825996
635.885441 0.813782
636.031876 0.821740
636.178345 0.881596
636.324847 0.973147
636.471383 0.967082
636.617953 0.885302
636.764557 0.850551
636.911194 0.842374
637.057865 0.837317
637.204570 0.844381
637.351309 0.852965
637.498081 0.853472
637.644887 0.852358
637.791727 0.844306
637.938601 0.837487
638.085509 0.839216
638.232451 0.844778
638.379426 0.845338
638.526435 0.846298
638.673478 0.851913
638.820555 0.853901
638.967666 0.853497
639.114811 0.843293
639.261989 0.820957
639.409202 0.820561
639.556448 0.841657
639.703728 0.851076
639.851042 0.833089
639.998391 0.810503
640.145773 0.830573
640.293189 0.851788
640.440639 0.855197
640.588122 0.842391
640.735640 0.826926
640.883192 0.828755
641.030778 0.833306
641.178398 0.826876
641.326051 0.829409
641.473739 0.834543
641.621461 0.839319
641.769217 0.836200
641.917007 0.822091
642.064831 0.812344
642.212688 0.828708
642.360580 0.846741
642.508506 0.850869
642.656467 0.855293
642.804461 0.851866
642.952489 0.828324
643.100551 0.811697
643.248648 0.824059
643.396778 0.840473
643.544943 0.845909
643.693142 0.833962
643.841374 0.816488
643.989641 0.822679
644.137943 0.845613
644.286278 0.853731
644.434647 0.854678
644.583051 0.856967
644.731489 0.840523
644.879961 0.801534
645.028467 0.790033
645.177008 0.815183
645.325582 0.831653
645.474191 0.819815
645.622834 0.815427
645.771511 0.833036
645.920223 0.847495
646.068969 0.831601
646.217749 0.807237
646.366563 0.811593
646.515411 0.830592
646.664294 0.839047
646.813211 0.836987
646.962163 0.829654
647.111148 0.826581
647.260168 0.830340
647.409223 0.827812
647.558311 0.825472
647.707434 0.832321
647.856592 0.834087
648.005783 0.824448
648.155009 0.805699
648.304270 0.805260
648.453564 0.817965
648.602894 0.826668
648.752257 0.828764
648.901655 0.821728
649.051087 0.811084
649.200554 0.791118
649.350055 0.752093
649.499591 0.731560
649.649161 0.743522
649.798765 0.763790
649.948404 0.781947
650.098078 0.800203
650.247786 0.814350
650.397528 0.821518
650.547305 0.825746
650.697116 0.821666
650.846962 0.818085
650.996842 0.821955
651.146757 0.826315
651.296706 0.824016
651.446690 0.815214
651.596709 0.805939
651.746761 0.800258
651.896849 0.807009
652.046971 0.820124
652.197128 0.824393
652.347319 0.824470
652.497545 0.818535
652.647805 0.808344
652.798100 0.810057
652.948430 0.815736
653.098794 0.808887
653.249193 0.803303
653.399626 0.809493
653.550095 0.815586
653.700597 0.815728
653.851135 0.819732
654.001707 0.822774
654.152314 0.814928
654.302955 0.810325
654.453631 0.862002
654.604342 1.126827
654.755088 1.493417
654.905868 1.403830
655.056683 1.009612
655.207533 0.806289
655.358417 0.756621
655.509337 0.737293
655.660291 0.748159
655.811279 1.128768
655.962303 4.404061
656.113361 15.098942
656.264454 24.726909
656.415582 17.833325
656.566745 5.927036
656.717942 1.404512
656.869175 0.769874
657.020442 0.745653
657.171744 0.749407
657.323080 0.744487
657.474452 0.753870
657.625859 0.778618
657.777300 0.797899
657.928776 0.876350
658.080287 1.367107
658.231833 2.467602
658.383414 2.862079
658.535030 1.882876
658.686681 1.044805
658.838367 0.832027
658.990087 0.807180
659.141843 0.781521
659.293633 0.763553
659.445459 0.775548
659.597319 0.791457
659.749215 0.792092
659.901145 0.798415
660.053110 0.808748
660.205111 0.808864
660.357146 0.799345
660.509216 0.791416
660.661322 0.782538
660.813462 0.774440
660.965638 0.783763
661.117848 0.801524
661.270094 0.802610
661.422374 0.805839
661.574690 0.808908
661.727041 0.809104
661.879426 0.811178
662.031847 0.813173
662.184303 0.806253
662.336794 0.793109
662.489321 0.790834
662.641882 0.797799
662.794479 0.800175
662.947110 0.795476
663.099777 0.787297
663.252479 0.774123
663.405216 0.774303
663.557988 0.789551
663.710796 0.799609
663.863638 0.795715
664.016516 0.796288
664.169429 0.792102
664.322378 0.782670
664.475361 0.787031
664.628380 0.792570
664.781434 0.796202
664.934523 0.799195
665.087647 0.796448
665.240807 0.792982
665.394002 0.793470
665.547232 0.793042
665.700498 0.792859
665.853799 0.792114
666.007135 0.788999
666.160506 0.776060
666.313913 0.767721
666.467355 0.770933
666.620833 0.775192
666.774346 0.780601
666.927894 0.790255
667.081477 0.792525
667.235096 0.792448
667.388750 0.792632
667.542440 0.780849
667.696165 0.754986
667.849925 0.752452
668.003721 0.769370
668.157553 0.780455
668.311419 0.786430
668.465321 0.789381
668.619259 0.786351
668.773232 0.784884
668.927240 0.788016
669.081284 0.789534
669.235364 0.789485
669.389479 0.783744
669.543629 0.770677
669.697815 0.768278
669.852036 0.778183
670.006293 0.786655
670.160585 0.782660
670.314913 0.773681
670.469277 0.775171
670.623676 0.781148
670.778111 0.780315
670.932581 0.777782
671.087086 0.786891
671.241628 0.929140
671.396205 1.695341
671.550817 3.121589
671.705465 3.330034
671.860149 1.964852
672.014868 1.011583
672.169623 0.795653
672.324414 0.779002
672.479240 0.775782
672.634102 0.831295
672.788999 1.247090
672.943933 2.315616
673.098902 2.913922
673.253906 2.047204
673.408946 1.101138
673.564022 0.813729
673.719134 0.770762
673.874282 0.764899
674.029465 0.767943
674.184684 0.764637
674.339938 0.763935
674.495229 0.764893
674.650555 0.762466
674.805917 0.756842
674.961314 0.754691
675.116748 0.756401
675.272217 0.757991
675.427722 0.765015
675.583263 0.772881
675.738840 0.776896
675.894452 0.779807
676.050101 0.778638
676.205785 0.777997
676.361505 0.776997
676.517261 0.767385
676.673053 0.758395
676.828880 0.760139
676.984744 0.761673
677.140643 0.764013
677.296579 0.774183
677.452550 0.781447
677.608557 0.781304
677.764600 0.783289
677.920679 0.784818
678.076794 0.775688
678.232945 0.757742
678.389132 0.748024
678.545355 0.752433
678.701614 0.763091
678.857909 0.768975
679.014239 0.769294
679.170606 0.765429
679.327009 0.760173
679.483448 0.759409
679.639923 0.762981
679.796434 0.765522
679.952981 0.768442
680.109564 0.770379
680.266183 0.768996
680.422838 0.766591
680.579529 0.767269
680.736256 0.768258
680.893020 0.766999
681.049819 0.768024
681.206655 0.768115
681.363526 0.763004
681.520434 0.765046
681.677378 0.771994
681.834358 0.768551
681.991374 0.765818
682.148427 0.772426
682.305515 0.778213
682.462640 0.778526
682.619801 0.769652
682.776998 0.761084
682.934231 0.764690
683.091501 0.771675
683.248807 0.770490
683.406149 0.772715
683.563527 0.771929
683.720941 0.764461
683.878392 0.750934
684.035879 0.737750
684.193402 0.739195
684.350962 0.754195
684.508557 0.765800
684.666189 0.769268
684.823858 0.768054
684.981562 0.765280
685.139303 0.755216
685.297081 0.754662
685.454894 0.753503
685.612744 0.745179
685.770631 0.737795
685.928554 0.736635
686.086513 0.739286
686.244508 0.740109
686.402540 0.735955
686.560608 0.742250
686.718713 0.753761
686.876854 0.754682
687.035031 0.747602
687.193245 0.744149
687.351495 0.747857
687.509782 0.749038
687.668105 0.748615
687.826465 0.752890
687.984861 0.755256
688.143294 0.749022
688.301763 0.737286
688.460268 0.730803
688.618810 0.735351
688.777389 0.742445
688.936004 0.748968
689.094656 0.750674
689.253344 0.751995
689.412069 0.751470
689.570830 0.752212
689.729628 0.750344
689.888462 0.747760
690.047333 0.747808
690.206241 0.744141
690.365185 0.745205
690.524166 0.749242
690.683183 0.749783
690.842237 0.748861
691.001328 0.751991
691.160455 0.752266
691.319619 0.749733
691.478819 0.746457
691.638057 0.741858
691.797331 0.738538
691.956641 0.739417
692.115988 0.739106
692.275372 0.745452
692.434793 0.749651
692.594250 0.743646
692.753744 0.742078
692.913275 0.753983
693.072843 0.760721
693.232447 0.756936
693.392088 0.752866
693.551766 0.751297
693.711480 0.754340
693.871232 0.757251
694.031020 0.756375
694.190845 0.757981
694.350707 0.763076
694.510605 0.759862
694.670541 0.752660
694.830513 0.757572
694.990522 0.763457
695.150568 0.739857
695.310651 0.738360
695.470770 0.744917
695.630927 0.751506
695.791120 0.753639
695.951350 0.752868
696.111618 0.755537
696.271922 0.758900
696.432263 0.755745
696.592641 0.758938
696.753055 0.766648
696.913507 0.763663
697.073996 0.759042
697.234522 0.759746
697.395084 0.752782
697.555684 0.735371
697.716321 0.712638
697.876994 0.712112
698.037705 0.734450
698.198452 0.756205
698.359237 0.761698
698.520059 0.760639
698.680917 0.755640
698.841813 0.748870
699.002746 0.750433
699.163716 0.754655
699.324723 0.752463
699.485767 0.753398
699.646848 0.750886
699.807966 0.736689
699.969121 0.730715
700.130314 0.738970
700.291543 0.737663
700.452810 0.728204
700.614114 0.733245
700.775455 0.743886
700.936833 0.748264
701.098248 0.746558
701.259700 0.746105
701.421190 0.727375
701.582717 0.711440
701.744281 0.730895
701.905882 0.752714
702.067520 0.752068
702.229196 0.732691
702.390909 0.724763
702.552659 0.733100
702.714446 0.739556
702.876271 0.744411
703.038133 0.748894
703.200032 0.748426
703.361968 0.748336
703.523942 0.749341
703.685953 0.737348
703.848002 0.736404
704.010087 0.761944
704.172210 0.773242
704.334370 0.764486
704.496568 0.758710
704.658803 0.768577
704.821076 0.775022
704.983385 0.763058
705.145732 0.741086
705.308117 0.729014
705.470539 0.730154
705.632998 0.736284
705.795495 0.732020
705.958029 0.721702
706.120600 0.721757
706.283209 0.725291
706.445856 0.719976
706.608540 0.706015
706.771261 0.704631
706.934020 0.723318
707.096816 0.736649
707.259650 0.738774
707.422521 0.738000
707.585430 0.738111
707.748377 0.740581
707.911360 0.743418
708.074382 0.739188
708.237441 0.719921
708.400537 0.703684
708.563671 0.711037
708.726843 0.712495
708.890052 0.703209
709.053299 0.701898
709.216583 0.704615
709.379905 0.706032
709.543265 0.707441
709.706662 0.712378
709.870097 0.717106
710.033569 0.712628
710.197079 0.709626
710.360627 0.714425
710.524212 0.714053
710.687835 0.711021
710.851496 0.707747
711.015195 0.700377
711.178931 0.699792
711.342705 0.706648
711.506516 0.709302
711.670365 0.709769
711.834253 0.706652
711.998177 0.703222
712.162140 0.703168
712.326140 0.708029
712.490178 0.701582
712.654254 0.695345
712.818368 0.690975
712.982519 0.682690
713.146708 0.708966
713.310935 0.849737
713.475200 1.108366
713.639503 1.157901
713.803843 0.915196
713.968221 0.743195
714.132638 0.706996
714.297092 0.701001
714.461584 0.698111
714.626113 0.688129
714.790681 0.679715
714.955287 0.686181
715.119930 0.701550
715.284612 0.705202
715.449331 0.700867
715.614088 0.706011
715.778883 0.706729
715.943716 0.700315
716.108588 0.701315
716.273497 0.688446
716.438444 0.671854
716.603429 0.683140
716.768452 0.695548
716.933513 0.694948
717.098612 0.697415
717.263749 0.697342
717.428924 0.687618
717.594137 0.684492
717.759388 0.689647
717.924678 0.675076
718.090005 0.663888
718.255370 0.672789
718.420774 0.668132
718.586215 0.646954
718.751695 0.648440
718.917213 0.665007
719.082769 0.665180
719.248363 0.662585
719.413995 0.675508
719.579665 0.682318
719.745373 0.677844
719.911120 0.673510
720.076905 0.667371
720.242728 0.676179
720.408589 0.679441
720.574488 0.662119
720.740426 0.660947
720.906401 0.687968
721.072415 0.706596
721.238467 0.703606
721.404558 0.696815
721.570686 0.700584
721.736853 0.710968
721.903059 0.709350
722.069302 0.700558
722.235584 0.694909
722.401904 0.702516
722.568262 0.710755
722.734659 0.707680
722.901094 0.709910
723.067567 0.710271
723.234079 0.700307
723.400629 0.692280
723.567217 0.694227
723.733844 0.701308
723.900509 0.697226
724.067212 0.696249
724.233954 0.695285
724.400734 0.687460
724.567553 0.701706
724.734410 0.719847
724.901305 0.709956
725.068239 0.686141
725.235212 0.679041
725.402222 0.693225
725.569272 0.713620
725.736359 0.715252
725.903486 0.698983
726.070650 0.680608
726.237854 0.683904
726.405095 0.692761
726.572376 0.705255
726.739694 0.717038
726.907052 0.713411
727.074447 0.701468
727.241882 0.693428
727.409355 0.692111
727.576866 0.688089
727.744416 0.689838
727.912005 0.696442
728.079632 0.689401
728.247298 0.682647
728.415002 0.695115
728.582745 0.700980
728.750527 0.683367
728.918347 0.666113
729.086206 0.659576
729.254104 0.674465
729.422040 0.704182
729.590015 0.721391
729.758029 0.713178
729.926081 0.698959
730.094172 0.694055
730.262302 0.694455
730.430470 0.702149
730.598678 0.697802
730.766924 0.692090
730.935208 0.692422
731.103532 0.695511
731.271894 0.707869
731.440295 0.713113
731.608735 0.700858
731.777213 0.697495
731.945730 0.708709
732.114287 0.714453
732.282882 0.706837
732.451515 0.694117
732.620188 0.697670
732.788899 0.710263
732.957650 0.711480
733.126439 0.706347
733.295267 0.707889
733.464134 0.717504
733.633040 0.728882
733.801984 0.729885
733.970968 0.732206
734.139990 0.729682
734.309052 0.708974
734.478152 0.705083
734.647292 0.718639
734.816470 0.716853
734.985687 0.706963
735.154943 0.705504
735.324238 0.700734
735.493573 0.685826
735.662946 0.689768
735.832358 0.713149
736.001809 0.710601
736.171299 0.695826
736.340829 0.698024
736.510397 0.710213
736.680004 0.716516
736.849650 0.718348
737.019336 0.725892
737.189060 0.729946
737.358824 0.724642
737.528627 0.721914
737.698468 0.729766
737.868349 0.734154
738.038269 0.723678
738.208229 0.713210
738.378227 0.706339
738.548264 0.696237
738.718341 0.689441
738.888457 0.690568
739.058612 0.701392
739.228806 0.707893
739.399039 0.713491
739.569312 0.721057
739.739623 0.720081
739.909974 0.708207
740.080364 0.710610
740.250794 0.725793
740.421263 0.725476
740.591771 0.719009
740.762318 0.710378
740.932904 0.702092
741.103530 0.709529
741.274195 0.705186
741.444899 0.690777
741.615643 0.694672
741.786426 0.705647
741.957248 0.710962
742.128110 0.695938
742.299011 0.691898
742.469951 0.715611
742.640931 0.733095
742.811950 0.728900
742.983008 0.713751
743.154106 0.709893
743.325244 0.722195
743.496420 0.726981
743.667636 0.725392
743.838892 0.714669
744.010187 0.701571
744.181521 0.704559
744.352895 0.705961
744.524308 0.700998
744.695761 0.706808
744.867253 0.715540
745.038785 0.722482
745.210356 0.727535
745.381967 0.729351
745.553618 0.724137
745.725307 0.721911
745.897037 0.714651
746.068806 0.694047
746.240614 0.691536
746.412462 0.711995
746.584350 0.724014
746.756277 0.722384
746.928244 0.714713
747.100250 0.709847
747.272296 0.709231
747.444382 0.710737
747.616507 0.716019
747.788672 0.720182
747.960876 0.716533
748.133121 0.708205
748.305404 0.711331
748.477728 0.721826
748.650091 0.725453
748.822494 0.718680
748.994937 0.710180
749.167419 0.701964
749.339941 0.686693
749.512503 0.691521
749.685104 0.711467
749.857746 0.716415
750.030427 0.719898
750.203147 0.723164
750.375908 0.718037
750.548708 0.712191
750.721548 0.717954
750.894428 0.709765
751.067348 0.700155
751.240308 0.712506
751.413307 0.721368
751.586346 0.724643
751.759425 0.728727
751.932544 0.729673
752.105703 0.717610
752.278902 0.709495
752.452140 0.713043
752.625419 0.720366
752.798737 0.724843
752.972095 0.714867
753.145494 0.713006
753.318932 0.724297
753.492410 0.731595
753.665928 0.729735
753.839486 0.723340
754.013084 0.720942
754.186722 0.725316
754.360399 0.723662
754.534117 0.712761
754.707875 0.716019
754.881673 0.726636
755.055511 0.712017
755.229389 0.714493
755.403307 0.714796
755.577265 0.710177
755.751263 0.705023
755.925302 0.707932
756.099380 0.709569
756.273498 0.708324
756.447657 0.709866
756.621855 0.710705
756.796094 0.707143
756.970373 0.701648
757.144692 0.698576
757.319051 0.705501
757.493450 0.710919
757.667889 0.709435
757.842369 0.709735
758.016889 0.709866
758.191449 0.710172
758.366049 0.706777
758.540689 0.697787
758.715370 0.691801
758.890090 0.692673
759.064851 0.694492
759.239653 0.694962
759.414494 0.702580
759.589376 0.704551
759.764298 0.695561
759.939260 0.695171
760.114263 0.707992
760.289306 0.697574
760.464389 0.687172
760.639513 0.688779
760.814677 0.692621
760.989881 0.690962
761.165125 0.688819
761.340410 0.698899
761.515736 0.705050
761.691101 0.687973
761.866507 0.672247
762.041954 0.681532
762.217441 0.688049
762.392968 0.686067
762.568536 0.697365
762.744144 0.704876
762.919792 0.697771
763.095481 0.690525
763.271211 0.692086
763.446981 0.696818
763.622791 0.697773
763.798642 0.688595
763.974533 0.691038
764.150465 0.690334
764.326438 0.681491
764.502451 0.695234
764.678504 0.684636
764.854598 0.686245
765.030733 0.691497
765.206908 0.679747
765.383123 0.682330
765.559380 0.685758
765.735676 0.664641
765.912014 0.667217
766.088392 0.666066
766.264811 0.649189
766.441270 0.649863
766.617770 0.628968
766.794311 0.614839
766.970892 0.652640
767.147514 0.681983
767.324176 0.671316
767.500880 0.672367
767.677623 0.681915
767.854408 0.679687
768.031234 0.674100
768.208100 0.675305
768.385006 0.678354
768.561954 0.676217
768.738942 0.675362
768.915971 0.678124
769.093041 0.673989
769.270152 0.667413
769.447303 0.667841
769.624495 0.673700
769.801728 0.664202
769.979002 0.640489
770.156317 0.629853
770.333672 0.647824
770.511069 0.667014
770.688506 0.669712
770.865984 0.670414
771.043503 0.664208
771.221062 0.655934
771.398663 0.654899
771.576305 0.656129
771.753987 0.659537
771.931710 0.666321
772.109475 0.671434
772.287280 0.666165
772.465126 0.660386
772.643013 0.655030
772.820941 0.661948
772.998911 0.665325
773.176921 0.663859
773.354972 0.666308
773.533064 0.671115
773.711197 0.673821
773.889371 0.672400
774.067586 0.663072
774.245842 0.653380
774.424139 0.651210
774.602478 0.640388
774.780857 0.629461
774.959278 0.638994
775.137739 0.655028
775.316242 0.662244
775.494785 0.666737
775.673370 0.664077
775.851996 0.658494
776.030663 0.661611
776.209371 0.664131
776.388121 0.661963
776.566911 0.660688
776.745743 0.659523
776.924616 0.655906
777.103530 0.646860
777.282485 0.640052
777.461482 0.642457
777.640520 0.653025
777.819599 0.651303
777.998719 0.647448
778.177880 0.657455
778.357083 0.661899
778.536327 0.658644
778.715612 0.648121
778.894939 0.648052
779.074307 0.658207
779.253716 0.662994
779.433166 0.662079
779.612658 0.655306
779.792191 0.648301
779.971766 0.652013
780.151381 0.661355
780.331039 0.664941
780.510737 0.662596
780.690477 0.656778
780.870258 0.652934
781.050081 0.656027
781.229945 0.666665
781.409851 0.672308
781.589798 0.672679
781.769786 0.673214
781.949816 0.670393
782.129887 0.669870
782.310000 0.672859
782.490154 0.672489
782.670350 0.670127
782.850588 0.664645
783.030866 0.650489
783.211187 0.646883
783.391548 0.644586
783.571952 0.650056
783.752397 0.665094
783.932883 0.669289
784.113411 0.666711
784.293981 0.667614
784.474592 0.672049
784.655244 0.673123
784.835939 0.662804
785.016675 0.658151
785.197452 0.662423
785.378272 0.664075
785.559132 0.667245
785.740035 0.674250
785.920979 0.675483
786.101965 0.669049
786.282992 0.666817
786.464062 0.669303
786.645173 0.668171
786.826325 0.661453
787.007519 0.657823
787.188755 0.654063
787.370033 0.653787
787.551353 0.656820
787.732714 0.659383
787.914117 0.655842
788.095562 0.652477
788.277049 0.655846
788.458577 0.658551
788.640147 0.660642
788.821759 0.660332
789.003413 0.659168
789.185109 0.647943
789.366846 0.630761
789.548626 0.629971
789.730447 0.637111
789.912310 0.642867
790.094215 0.643155
790.276162 0.645326
790.458150 0.647686
790.640181 0.647260
790.822254 0.635025
791.004368 0.632609
791.186525 0.625584
791.368723 0.623276
791.550963 0.627590
791.733246 0.620462
791.915570 0.624590
792.097936 0.635285
792.280345 0.636140
792.462795 0.636577
792.645287 0.635888
792.827822 0.632872
793.010398 0.630035
793.193016 0.626139
793.375677 0.632580
793.558379 0.632994
793.741124 0.621296
793.923911 0.622649
794.106739 0.623443
794.289610 0.612454
794.472523 0.603706
794.655478 0.614321
794.838476 0.625794
795.021515 0.629760
795.204597 0.637158
795.387720 0.635248
795.570886 0.626776
795.754094 0.624466
795.937345 0.626505
796.120637 0.627710
796.303972 0.626849
796.487349 0.629948
796.670768 0.637103
796.854229 0.637978
797.037733 0.635055
797.221278 0.638407
797.404867 0.641059
797.588497 0.641572
797.772170 0.632555
797.955885 0.628939
798.139642 0.637210
798.323442 0.643013
798.507283 0.635030
798.691168 0.625981
798.875094 0.636543
799.059063 0.648834
799.243075 0.638185
799.427128 0.627160
799.611224 0.629881
799.795363 0.628090
799.979544 0.626879
800.163767 0.634495
800.348033 0.639956
800.532341 0.644721
800.716692 0.642441
800.901085 0.642633
801.085520 0.643470
801.269998 0.645904
801.454519 0.652124
801.639082 0.651010
801.823687 0.649808
802.008335 0.648821
802.193026 0.645225
802.377759 0.635180
802.562534 0.617839
802.747352 0.612664
802.932213 0.632937
803.117116 0.651442
803.302062 0.654560
803.487051 0.654331
803.672082 0.659615
803.857155 0.660565
804.042272 0.653964
804.227430 0.645186
804.412632 0.631873
804.597876 0.622453
804.783163 0.627585
804.968492 0.637275
805.153865 0.645280
805.339280 0.646571
805.524737 0.652954
805.710237 0.658205
805.895780 0.653574
806.081366 0.646686
806.266995 0.643587
806.452666 0.644907
806.638380 0.638340
806.824136 0.625586
807.009936 0.619526
807.195778 0.623175
807.381663 0.624075
807.567591 0.628147
807.753562 0.636215
807.939576 0.629688
808.125632 0.621400
808.311731 0.621748
808.497873 0.620143
808.684058 0.630058
808.870286 0.625050
809.056557 0.608390
809.242870 0.599229
809.429227 0.609507
809.615626 0.617050
809.802069 0.613841
809.988554 0.623412
810.175082 0.635661
810.361653 0.633544
810.548267 0.628747
810.734925 0.629653
810.921625 0.631467
811.108368 0.631717
811.295154 0.629338
811.481983 0.620769
811.668855 0.619116
811.855770 0.628104
812.042729 0.631364
812.229730 0.636738
812.416774 0.636700
812.603862 0.630483
812.790992 0.635167
812.978166 0.631905
813.165382 0.619945
813.352642 0.621017
813.539945 0.627003
813.727291 0.636164
813.914680 0.635694
814.102113 0.621576
814.289588 0.623609
814.477107 0.627810
814.664669 0.621555
814.852274 0.613835
815.039922 0.621562
815.227614 0.623815
815.415348 0.610768
815.603126 0.624147
815.790948 0.639041
815.978812 0.614585
816.166720 0.578861
816.354671 0.583929
816.542665 0.611601
816.730702 0.618078
816.918783 0.603759
817.106907 0.618479
817.295075 0.643621
817.483286 0.632664
817.671540 0.604067
817.859837 0.593512
818.048178 0.606638
818.236563 0.604088
818.424990 0.607350
818.613461 0.610016
818.801976 0.601402
818.990533 0.623199
819.179135 0.627255
819.367779 0.597931
819.556467 0.585399
819.745199 0.592111
819.933974 0.597307
820.122793 0.611850
820.311655 0.627637
820.500560 0.631987
820.689509 0.631952
820.878502 0.633344
821.067538 0.633156
821.256617 0.620806
821.445740 0.624797
821.634907 0.635337
821.824117 0.629499
822.013371 0.608671
822.202668 0.610714
822.392009 0.617849
822.581394 0.595364
822.770822 0.554711
822.960294 0.550155
823.149809 0.570445
823.339368 0.600722
823.528971 0.624659
823.718617 0.632932
823.908307 0.639202
824.098041 0.635343
824.287819 0.625837
824.477640 0.639047
824.667505 0.645429
824.857413 0.641768
825.047365 0.645030
825.237361 0.632959
825.427401 0.622017
825.617485 0.609107
825.807612 0.618515
825.997783 0.640354
826.187998 0.645362
826.378257 0.640938
826.568559 0.642178
826.758906 0.643291
826.949296 0.643950
827.139730 0.629971
827.330208 0.602071
827.520730 0.594063
827.711295 0.610487
827.901905 0.622009
828.092558 0.616205
828.283256 0.618643
828.473997 0.631672
828.664782 0.613023
828.855611 0.595414
829.046484 0.611499
829.237401 0.614637
829.428362 0.600828
829.619367 0.609163
829.810416 0.614608
830.001509 0.617685
830.192646 0.615419
830.383827 0.599261
830.575052 0.590728
830.766321 0.606939
830.957634 0.607831
831.148991 0.604476
831.340392 0.616589
831.531837 0.618759
831.723326 0.618939
831.914860 0.607608
832.106437 0.594833
832.298059 0.610743
832.489725 0.619119
832.681435 0.599558
832.873189 0.610015
833.064987 0.605137
833.256829 0.592373
833.448716 0.596566
833.640647 0.603478
833.832622 0.596209
834.024641 0.610581
834.216704 0.622762
834.408812 0.618320
834.600964 0.608593
834.793160 0.604943
834.985400 0.616160
835.177685 0.626582
835.370014 0.619035
835.562387 0.617785
835.754804 0.619506
835.947266 0.620659
836.139772 0.619137
836.332323 0.606571
836.524918 0.608569
836.717557 0.628168
836.910240 0.627470
837.102968 0.612392
837.295740 0.608905
837.488557 0.608775
837.681418 0.598908
837.874324 0.608373
838.067274 0.614316
838.260268 0.588856
838.453307 0.599236
838.646390 0.592299
838.839518 0.578691
839.032690 0.602181
839.225906 0.620943
839.419168 0.623385
839.612473 0.608751
839.805823 0.608092
839.999218 0.615792
840.192657 0.612955
840.386141 0.616712
840.579670 0.619726
840.773242 0.619848
840.966860 0.617185
841.160522 0.598998
841.354229 0.603607
841.547980 0.617546
841.741776 0.616092
841.935616 0.614675
842.129502 0.615761
842.323431 0.609572
842.517406 0.596485
842.711425 0.598353
842.905489 0.623535
843.099597 0.624816
843.293750 0.601614
843.487948 0.566107
843.682191 0.577997
843.876478 0.586797
844.070810 0.591250
844.265187 0.596520
844.459609 0.589753
844.654075 0.581351
844.848587 0.592779
845.043143 0.602166
845.237743 0.608430
845.432389 0.605652
845.627079 0.598400
845.821815 0.601802
846.016595 0.608843
846.211420 0.609042
846.406289 0.594384
846.601204 0.576740
846.796164 0.565794
846.991168 0.581303
847.186218 0.596669
847.381312 0.610173
847.576451 0.613044
847.771635 0.612128
847.966864 0.606895
848.162138 0.601523
848.357457 0.610131
848.552821 0.612847
848.748230 0.607359
848.943684 0.610286
849.139183 0.609602
849.334728 0.598629
849.530317 0.554364
849.725951 0.468531
849.921630 0.487758
850.117354 0.549523
850.313123 0.572095
850.508938 0.587344
850.704797 0.604362
850.900702 0.608851
851.096651 0.602295
851.292646 0.582924
851.488686 0.572330
851.684771 0.585983
851.880902 0.596036
852.077077 0.602484
852.273298 0.607327
852.469563 0.598876
852.665874 0.593036
852.862230 0.599284
853.058632 0.598029
853.255078 0.592795
853.451570 0.578859
853.648107 0.547811
853.844690 0.498224
854.041317 0.408110
854.237990 0.364446
854.434709 0.436990
854.631472 0.514127
854.828281 0.545620
855.025135 0.569543
855.222035 0.590887
855.418979 0.593056
855.615970 0.586751
855.813005 0.596475
856.010086 0.599651
856.207212 0.600082
856.404384 0.603043
856.601601 0.602998
856.798864 0.602662
856.996172 0.598342
857.193525 0.596813
857.390924 0.594669
857.588368 0.598491
857.785858 0.604462
857.983393 0.604291
858.180974 0.590708
858.378600 0.590106
858.576272 0.596162
858.773989 0.594061
858.971752 0.588968
859.169560 0.581817
859.367414 0.578501
859.565313 0.572940
859.763258 0.562669
859.961249 0.570973
860.159285 0.581489
860.357367 0.581802
860.555494 0.582065
860.753668 0.586564
860.951886 0.580090
861.150151 0.568014
861.348461 0.579970
861.546816 0.591877
861.745217 0.594380
861.943664 0.594948
862.142157 0.587534
862.340696 0.595184
862.539280 0.601938
862.737910 0.599560
862.936585 0.598817
863.135307 0.597172
863.334074 0.596393
863.532887 0.599774
863.731745 0.601336
863.930650 0.602104
864.129600 0.598328
864.328596 0.594394
864.527638 0.593797
864.726726 0.578469
864.925860 0.570571
865.125039 0.575015
865.324264 0.570219
865.523536 0.559300
865.722853 0.537672
865.922216 0.484780
866.121625 0.384913
866.321079 0.384198
866.520580 0.476714
866.720127 0.528785
866.919720 0.551897
867.119358 0.558090
867.319043 0.548512
867.518773 0.543657
867.718550 0.563450
867.918373 0.561449
868.118241 0.562618
868.318156 0.566587
868.518116 0.573788
868.718123 0.549317
868.918176 0.541450
869.118275 0.569699
869.318420 0.578637
869.518611 0.582538
869.718848 0.581330
869.919131 0.573227
870.119460 0.577406
870.319836 0.581049
870.520257 0.586419
870.720725 0.590038
870.921239 0.590846
871.121799 0.582932
871.322406 0.587454
871.523058 0.598067
871.723757 0.593078
871.924502 0.594970
872.125293 0.602757
872.326130 0.599454
872.527014 0.595230
872.727944 0.585090
872.928920 0.577735
873.129942 0.588301
873.331011 0.585271
873.532126 0.569358
873.733288 0.574517
873.934495 0.580234
874.135749 0.570321
874.337050 0.572480
874.538396 0.570117
874.739790 0.559739
874.941229 0.550372
875.142715 0.540000
875.344247 0.555330
875.545826 0.560325
875.747451 0.562026
875.949122 0.580343
876.150840 0.582065
876.352605 0.570377
876.554416 0.571470
876.756273 0.580025
876.958177 0.585753
877.160127 0.571216
877.362124 0.565027
877.564167 0.584309
877.766257 0.587514
877.968394 0.585167
878.170577 0.591678
878.372806 0.591760
878.575082 0.594670
878.777405 0.595941
878.979774 0.583679
879.182190 0.579251
879.384653 0.583239
879.587162 0.589032
879.789717 0.591876
879.992320 0.593747
880.194969 0.589468
880.397665 0.561422
880.600407 0.521706
880.803196 0.536507
881.006032 0.575321
881.208914 0.586658
881.411844 0.589380
881.614819 0.590117
881.817842 0.583658
882.020912 0.583202
882.224028 0.574191
882.427191 0.558564
882.630401 0.577840
882.833657 0.585552
883.036960 0.588037
883.240311 0.587165
883.443708 0.582202
883.647152 0.570175
883.850642 0.560438
884.054180 0.572619
884.257764 0.577529
884.461396 0.574607
884.665074 0.572305
884.868799 0.575373
885.072571 0.575662
885.276390 0.574742
885.480256 0.572501
885.684169 0.567854
885.888128 0.549544
886.092135 0.522223
886.296189 0.515971
886.500290 0.526278
886.704437 0.526110
886.908632 0.539316
887.112874 0.550731
887.317163 0.550443
887.521499 0.547872
887.725881 0.542466
887.930311 0.545683
888.134788 0.550713
888.339313 0.550745
888.543884 0.556487
888.748502 0.560492
888.953168 0.557245
889.157880 0.552087
889.362640 0.557870
889.567447 0.561867
889.772301 0.559933
889.977202 0.562173
890.182151 0.565772
890.387146 0.563009
890.592189 0.564235
890.797279 0.566438
891.002416 0.559742
891.207601 0.554128
891.412833 0.561081
891.618112 0.564015
891.823438 0.555469
892.028812 0.554015
892.234232 0.562900
892.439701 0.558886
892.645216 0.552569
892.850779 0.550413
893.056389 0.556556
893.262047 0.557698
893.467751 0.568101
893.673504 0.573926
893.879303 0.566842
894.085150 0.558636
894.291045 0.553023
894.496987 0.543233
894.702976 0.539773
894.909013 0.552742
895.115097 0.558750
895.321228 0.546407
895.527407 0.547719
895.733634 0.564015
895.939908 0.562971
896.146229 0.542393
896.352599 0.525350
896.559015 0.527069
896.765479 0.543897
896.971991 0.541240
897.178550 0.530417
897.385157 0.534778
897.591811 0.545756
897.798513 0.549113
898.005263 0.536625
898.212060 0.556719
898.418905 0.551720
898.625797 0.501786
898.832737 0.476851
899.039725 0.472736
899.246760 0.508085
899.453843 0.561664
899.660974 0.564034
899.868152 0.521734
900.075379 0.503067
900.282653 0.520950
900.489974 0.529545
900.697343 0.523070
900.904761 0.507112
901.112225 0.498760
901.319738 0.500543
901.527299 0.476129
901.734907 0.486255
901.942563 0.529287
902.150267 0.516216
902.358018 0.502117
902.565818 0.511996
902.773665 0.542491
902.981561 0.557942
903.189504 0.569645
903.397495 0.579961
903.605534 0.577302
903.813620 0.579536
904.021755 0.577617
904.229938 0.575328
904.438168 0.585012
904.646447 0.583703
904.854774 0.585126
905.063148 0.578257
905.271571 0.574818
905.480041 0.587741
905.688559 0.587101
905.897126 0.564905
906.105741 0.536051
906.314403 0.545537
906.523114 0.575003
906.731872 0.561090
906.940679 0.528184
907.149534 0.527901
907.358437 0.554739
907.567388 0.576951
907.776387 0.544772
907.985435 0.511171
908.194530 0.545286
908.403674 0.557341
908.612865 0.515399
908.822105 0.499114
909.031393 0.532324
909.240730 0.546590
909.450114 0.550977
909.659547 0.562244
909.869028 0.536754
910.078557 0.537536
910.288135 0.561608
910.497760 0.538855
910.707434 0.524237
910.917157 0.549081
911.126927 0.565153
911.336746 0.567715
911.546613 0.543098
911.756529 0.497957
911.966493 0.516750
912.176505 0.564348
912.386565 0.568030
912.596674 0.561779
912.806832 0.532563
913.017038 0.511636
913.227292 0.534149
913.437594 0.524034
913.647945 0.501674
913.858345 0.534329
914.068793 0.535173
914.279289 0.535963
914.489834 0.538052
914.700427 0.539097
914.911069 0.539100
915.121759 0.514990
915.332498 0.488990
915.543285 0.486261
915.754121 0.530871
915.965006 0.551510
916.175939 0.548820
916.386920 0.546867
916.597951 0.540236
916.809029 0.517703
917.020157 0.513410
917.231333 0.492578
917.442557 0.471788
917.653831 0.496175
917.865153 0.532114
918.076523 0.542981
918.287942 0.531435
918.499410 0.532164
918.710927 0.544262
918.922492 0.540626
919.134106 0.537515
919.345769 0.524640
919.557481 0.520327
919.769241 0.528852
