# wavelen(nm)  Transmission(atmos) - MC 4/2010
284.941  0.0000000
284.981  0.0000000
285.022  0.0000000
285.063  0.0000000
285.103  0.0000000
285.144  0.0000000
285.185  0.0000000
285.225  0.0000000
285.266  0.0000000
285.307  0.0000000
285.347  0.0000000
285.388  0.0000000
285.429  0.0000000
285.470  0.0000000
285.510  0.0000000
285.551  0.0000000
285.592  0.0000000
285.633  0.0000000
285.673  0.0000000
285.714  0.0000000
285.755  0.0000000
285.796  0.0000000
285.837  0.0000000
285.878  0.0000000
285.919  0.0000000
285.959  0.0000000
286.000  0.0000000
286.041  0.0000000
286.082  0.0000000
286.123  0.0000000
286.164  0.0000000
286.205  0.0000000
286.246  0.0000000
286.287  0.0000000
286.328  0.0000000
286.369  0.0000000
286.410  0.0000000
286.451  0.0000000
286.492  0.0000000
286.533  0.0000000
286.574  0.0000000
286.615  0.0000000
286.656  0.0000000
286.697  0.0000000
286.738  0.0000000
286.779  0.0000000
286.821  0.0000000
286.862  0.0000000
286.903  0.0000000
286.944  0.0000000
286.985  0.0000000
287.026  0.0000000
287.068  0.0000000
287.109  0.0000000
287.150  0.0000000
287.191  0.0000000
287.233  0.0000000
287.274  0.0000000
287.315  0.0000000
287.356  0.0000000
287.398  0.0000000
287.439  0.0000000
287.480  0.0000000
287.522  0.0000000
287.563  0.0000000
287.604  0.0000000
287.646  0.0000000
287.687  0.0000000
287.728  0.0000000
287.770  0.0000000
287.811  0.0000000
287.853  0.0000000
287.894  0.0000000
287.935  0.0000000
287.977  0.0000000
288.018  0.0000000
288.060  0.0000000
288.101  0.0000000
288.143  0.0000000
288.184  0.0000000
288.226  0.0000000
288.268  0.0000000
288.309  0.0000000
288.351  0.0000000
288.392  0.0000000
288.434  0.0000000
288.475  0.0000000
288.517  0.0000000
288.559  0.0000000
288.600  0.0000000
288.642  0.0000000
288.684  0.0000000
288.725  0.0000000
288.767  0.0000000
288.809  0.0000000
288.850  0.0000000
288.892  0.0000000
288.934  0.0000000
288.976  0.0000000
289.017  0.0000000
289.059  0.0000000
289.101  0.0000000
289.143  0.0000000
289.185  0.0000000
289.226  0.0000000
289.268  0.0000000
289.310  0.0000000
289.352  0.0000000
289.394  0.0000000
289.436  0.0000000
289.478  0.0000000
289.519  0.0000000
289.561  0.0000000
289.603  0.0000000
289.645  0.0000000
289.687  0.0000000
289.729  0.0000000
289.771  0.0000000
289.813  0.0000000
289.855  0.0000000
289.897  0.0000000
289.939  0.0000000
289.981  0.0000000
290.023  0.0000000
290.065  0.0000000
290.107  0.0000000
290.149  0.0000000
290.192  0.0000000
290.234  0.0000000
290.276  0.0000000
290.318  0.0000000
290.360  0.0000000
290.402  0.0000000
290.444  0.0000000
290.487  0.0000000
290.529  0.0000000
290.571  0.0000000
290.613  0.0000000
290.655  0.0000000
290.698  0.0000000
290.740  0.0000000
290.782  0.0000000
290.824  0.0000000
290.867  0.0000000
290.909  0.0000000
290.951  0.0000000
290.994  0.0000000
291.036  0.0000000
291.078  0.0000000
291.121  0.0000000
291.163  0.0000000
291.206  0.0000000
291.248  0.0000000
291.290  0.0000000
291.333  0.0000000
291.375  0.0000000
291.418  0.0000000
291.460  0.0000000
291.503  0.0000000
291.545  0.0000000
291.588  0.0000000
291.630  0.0000000
291.673  0.0000000
291.715  0.0000000
291.758  0.0000000
291.800  0.0000000
291.843  0.0000000
291.886  0.0000000
291.928  0.0000000
291.971  0.0000000
292.013  0.0000000
292.056  0.0000000
292.099  0.0000000
292.141  0.0000000
292.184  0.0000000
292.227  0.0000000
292.269  0.0000000
292.312  0.0000000
292.355  0.0000000
292.398  0.0000000
292.440  0.0000000
292.483  0.0000000
292.526  0.0000000
292.569  0.0000000
292.612  0.0000000
292.654  0.0000000
292.697  0.0000000
292.740  0.0000000
292.783  0.0000000
292.826  0.0000000
292.869  0.0000000
292.912  0.0000000
292.954  0.0000000
292.997  0.0000000
293.040  0.0000000
293.083  0.0000000
293.126  0.0000000
293.169  0.0000000
293.212  0.0000000
293.255  0.0000000
293.298  0.0000000
293.341  0.0000000
293.384  0.0000000
293.427  0.0000000
293.470  0.0000000
293.513  0.0000000
293.556  0.0000000
293.600  0.0000000
293.643  0.0000000
293.686  0.0000000
293.729  0.0000000
293.772  0.0000000
293.815  0.0000000
293.858  0.0000000
293.902  0.0000000
293.945  0.0000000
293.988  0.0000000
294.031  0.0000000
294.074  0.0000000
294.118  0.0000000
294.161  0.0000000
294.204  0.0000000
294.247  0.0000000
294.291  0.0000000
294.334  0.0000000
294.377  0.0000000
294.421  0.0000000
294.464  0.0000000
294.507  0.0000000
294.551  0.0000000
294.594  0.0000000
294.638  0.0000000
294.681  0.0000000
294.724  0.0000000
294.768  0.0000000
294.811  0.0000000
294.855  0.0000000
294.898  0.0000000
294.942  0.0000000
294.985  0.0000000
295.029  0.0000000
295.072  0.0000000
295.116  0.0000000
295.159  0.0000000
295.203  0.0000000
295.247  0.0000000
295.290  0.0000000
295.334  0.0000000
295.377  0.0000001
295.421  0.0000001
295.465  0.0000001
295.508  0.0000001
295.552  0.0000001
295.596  0.0000001
295.639  0.0000002
295.683  0.0000002
295.727  0.0000002
295.771  0.0000002
295.814  0.0000002
295.858  0.0000002
295.902  0.0000002
295.946  0.0000003
295.989  0.0000003
296.033  0.0000003
296.077  0.0000004
296.121  0.0000004
296.165  0.0000005
296.209  0.0000006
296.252  0.0000006
296.296  0.0000007
296.340  0.0000008
296.384  0.0000008
296.428  0.0000008
296.472  0.0000009
296.516  0.0000009
296.560  0.0000009
296.604  0.0000010
296.648  0.0000010
296.692  0.0000010
296.736  0.0000011
296.780  0.0000011
296.824  0.0000011
296.868  0.0000011
296.912  0.0000012
296.956  0.0000013
297.000  0.0000016
297.044  0.0000018
297.089  0.0000019
297.133  0.0000021
297.177  0.0000023
297.221  0.0000026
297.265  0.0000028
297.309  0.0000030
297.354  0.0000032
297.398  0.0000034
297.442  0.0000036
297.486  0.0000041
297.530  0.0000046
297.575  0.0000050
297.619  0.0000054
297.663  0.0000057
297.708  0.0000060
297.752  0.0000068
297.796  0.0000074
297.841  0.0000079
297.885  0.0000081
297.929  0.0000088
297.974  0.0000096
298.018  0.0000101
298.063  0.0000107
298.107  0.0000114
298.151  0.0000122
298.196  0.0000129
298.240  0.0000128
298.285  0.0000131
298.329  0.0000139
298.374  0.0000148
298.418  0.0000157
298.463  0.0000168
298.507  0.0000179
298.552  0.0000181
298.597  0.0000182
298.641  0.0000197
298.686  0.0000199
298.730  0.0000200
298.775  0.0000223
298.820  0.0000231
298.864  0.0000230
298.909  0.0000239
298.954  0.0000263
298.998  0.0000296
299.043  0.0000305
299.088  0.0000302
299.133  0.0000320
299.177  0.0000384
299.222  0.0000421
299.267  0.0000454
299.312  0.0000472
299.356  0.0000488
299.401  0.0000543
299.446  0.0000605
299.491  0.0000665
299.536  0.0000696
299.581  0.0000713
299.625  0.0000773
299.670  0.0000833
299.715  0.0000891
299.760  0.0000935
299.805  0.0000963
299.850  0.0000996
299.895  0.0001036
299.940  0.0001079
299.985  0.0001039
300.030  0.0001103
300.075  0.0001132
300.120  0.0001178
300.165  0.0001206
300.210  0.0001255
300.255  0.0001345
300.300  0.0001414
300.345  0.0001468
300.391  0.0001502
300.436  0.0001567
300.481  0.0001622
300.526  0.0001662
300.571  0.0001693
300.616  0.0001746
300.661  0.0001832
300.707  0.0001954
300.752  0.0002086
300.797  0.0002182
300.842  0.0002326
300.888  0.0002520
300.933  0.0002650
300.978  0.0002871
301.023  0.0003087
301.069  0.0003269
301.114  0.0003433
301.159  0.0003711
301.205  0.0004047
301.250  0.0004198
301.296  0.0004385
301.341  0.0004552
301.386  0.0004688
301.432  0.0004910
301.477  0.0005146
301.523  0.0005384
301.568  0.0005537
301.614  0.0005629
301.659  0.0005713
301.705  0.0005804
301.750  0.0005902
301.796  0.0005981
301.841  0.0006045
301.887  0.0006144
301.932  0.0006253
301.978  0.0006367
302.024  0.0006518
302.069  0.0006727
302.115  0.0006938
302.160  0.0007160
302.206  0.0007459
302.252  0.0007780
302.297  0.0007968
302.343  0.0008207
302.389  0.0008546
302.435  0.0009057
302.480  0.0009504
302.526  0.0010005
302.572  0.0010568
302.618  0.0011036
302.663  0.0011572
302.709  0.0012245
302.755  0.0012978
302.801  0.0013717
302.847  0.0014196
302.893  0.0014743
302.938  0.0015546
302.984  0.0016499
303.030  0.0017416
303.076  0.0018225
303.122  0.0018825
303.168  0.0019391
303.214  0.0020103
303.260  0.0020968
303.306  0.0021584
303.352  0.0021610
303.398  0.0021841
303.444  0.0023077
303.490  0.0023103
303.536  0.0023749
303.582  0.0024068
303.628  0.0024817
303.674  0.0025026
303.721  0.0025626
303.767  0.0026085
303.813  0.0026180
303.859  0.0026040
303.905  0.0025803
303.951  0.0025857
303.998  0.0026026
304.044  0.0026130
304.090  0.0026885
304.136  0.0027390
304.182  0.0028446
304.229  0.0030049
304.275  0.0031237
304.321  0.0032220
304.368  0.0033333
304.414  0.0034412
304.460  0.0035415
304.507  0.0036379
304.553  0.0037405
304.599  0.0038875
304.646  0.0039941
304.692  0.0043271
304.739  0.0045153
304.785  0.0047490
304.832  0.0048734
304.878  0.0050737
304.925  0.0053477
304.971  0.0056486
305.018  0.0059055
305.064  0.0061090
305.111  0.0063006
305.157  0.0065229
305.204  0.0067963
305.250  0.0070771
305.297  0.0072423
305.344  0.0073251
305.390  0.0074931
305.437  0.0077089
305.483  0.0078877
305.530  0.0078766
305.577  0.0079381
305.623  0.0079560
305.670  0.0080043
305.717  0.0079758
305.764  0.0080116
305.810  0.0081267
305.857  0.0082380
305.904  0.0084628
305.951  0.0086053
305.998  0.0087372
306.044  0.0089110
306.091  0.0090312
306.138  0.0089780
306.185  0.0089615
306.232  0.0088802
306.279  0.0088625
306.326  0.0090064
306.373  0.0090600
306.419  0.0092391
306.466  0.0095736
306.513  0.0099757
306.560  0.0103470
306.607  0.0106707
306.654  0.0110655
306.701  0.0114119
306.748  0.0116477
306.796  0.0119487
306.843  0.0121508
306.890  0.0124700
306.937  0.0131012
306.984  0.0137043
307.031  0.0142927
307.078  0.0147345
307.125  0.0153975
307.172  0.0160305
307.220  0.0166772
307.267  0.0172142
307.314  0.0176685
307.361  0.0180808
307.409  0.0184835
307.456  0.0190690
307.503  0.0197009
307.550  0.0200693
307.598  0.0203563
307.645  0.0205490
307.692  0.0209819
307.740  0.0212215
307.787  0.0211832
307.834  0.0209047
307.882  0.0208594
307.929  0.0206634
307.977  0.0205834
308.024  0.0205655
308.071  0.0206489
308.119  0.0207421
308.166  0.0209735
308.214  0.0211162
308.261  0.0212727
308.309  0.0217827
308.356  0.0224605
308.404  0.0232695
308.452  0.0242677
308.499  0.0250032
308.547  0.0253062
308.594  0.0250242
308.642  0.0244067
308.690  0.0243126
308.737  0.0244934
308.785  0.0247220
308.833  0.0248817
308.880  0.0253062
308.928  0.0256903
308.976  0.0262713
309.023  0.0265390
309.071  0.0267849
309.119  0.0270393
309.167  0.0277529
309.215  0.0288946
309.262  0.0296527
309.310  0.0301028
309.358  0.0308631
309.406  0.0321410
309.454  0.0343501
309.502  0.0367385
309.550  0.0377852
309.598  0.0385313
309.645  0.0392994
309.693  0.0408510
309.741  0.0420951
309.789  0.0421763
309.837  0.0418469
309.885  0.0421183
309.933  0.0428495
309.981  0.0431434
310.029  0.0430076
310.078  0.0430775
310.126  0.0429952
310.174  0.0431262
310.222  0.0425775
310.270  0.0422450
310.318  0.0420407
310.366  0.0421338
310.414  0.0428848
310.463  0.0438596
310.511  0.0452485
310.559  0.0464304
310.607  0.0467256
310.655  0.0475206
310.704  0.0479191
310.752  0.0484713
310.800  0.0485390
310.849  0.0489334
310.897  0.0498094
310.945  0.0509250
310.994  0.0510054
311.042  0.0515149
311.090  0.0521110
311.139  0.0519483
311.187  0.0528333
311.236  0.0520429
311.284  0.0518405
311.332  0.0515739
311.381  0.0515109
311.429  0.0508902
311.478  0.0508642
311.526  0.0518889
311.575  0.0528404
311.624  0.0540047
311.672  0.0555871
311.721  0.0576316
311.769  0.0592097
311.818  0.0606771
311.867  0.0624198
311.915  0.0641194
311.964  0.0658020
312.012  0.0668664
312.061  0.0676753
312.110  0.0690929
312.159  0.0699666
312.207  0.0703841
312.256  0.0710061
312.305  0.0715008
312.354  0.0724754
312.402  0.0736402
312.451  0.0753172
312.500  0.0769923
312.549  0.0786880
312.598  0.0793734
312.647  0.0799250
312.695  0.0807878
312.744  0.0816811
312.793  0.0823058
312.842  0.0825842
312.891  0.0841931
312.940  0.0826752
312.989  0.0838742
313.038  0.0849627
313.087  0.0857943
313.136  0.0853557
313.185  0.0850577
313.234  0.0854688
313.283  0.0849712
313.332  0.0844270
313.381  0.0820638
313.430  0.0799904
313.480  0.0783866
313.529  0.0769949
313.578  0.0770730
313.627  0.0779384
313.676  0.0792278
313.725  0.0816091
313.775  0.0825158
313.824  0.0834872
313.873  0.0849487
313.922  0.0876319
313.972  0.0902295
314.021  0.0912356
314.070  0.0930497
314.120  0.0946881
314.169  0.0961975
314.218  0.0991546
314.268  0.1012733
314.317  0.1032220
314.367  0.1060323
314.416  0.1088364
314.465  0.1113886
314.515  0.1145034
314.564  0.1168332
314.614  0.1177049
314.663  0.1194750
314.713  0.1199212
314.762  0.1190505
314.812  0.1188854
314.861  0.1178906
314.911  0.1175595
314.961  0.1184132
315.010  0.1194997
315.060  0.1199167
315.109  0.1205608
315.159  0.1209265
315.209  0.1211255
315.259  0.1210441
315.308  0.1209002
315.358  0.1202296
315.408  0.1175091
315.457  0.1134685
315.507  0.1091775
315.557  0.1068220
315.607  0.1057835
315.657  0.1056000
315.706  0.1078873
315.756  0.1110448
315.806  0.1136426
315.856  0.1153692
315.906  0.1185687
315.956  0.1216466
316.006  0.1259473
316.056  0.1284034
316.106  0.1302478
316.156  0.1326665
316.206  0.1352429
316.256  0.1366448
316.306  0.1376539
316.356  0.1381758
316.406  0.1394738
316.456  0.1419059
316.506  0.1441304
316.556  0.1461831
316.606  0.1472779
316.656  0.1497348
316.706  0.1527426
316.756  0.1547812
316.807  0.1557049
316.857  0.1558795
316.907  0.1551019
316.957  0.1536553
317.007  0.1504522
317.058  0.1478150
317.108  0.1467262
317.158  0.1463565
317.209  0.1460531
317.259  0.1477638
317.309  0.1492093
317.360  0.1502314
317.410  0.1509411
317.460  0.1511214
317.511  0.1492922
317.561  0.1464017
317.612  0.1428317
317.662  0.1394715
317.712  0.1379263
317.763  0.1393710
317.813  0.1414624
317.864  0.1446832
317.914  0.1496085
317.965  0.1535280
318.016  0.1560474
318.066  0.1572064
318.117  0.1583070
318.167  0.1598821
318.218  0.1625607
318.269  0.1654665
318.319  0.1687875
318.370  0.1718815
318.421  0.1766344
318.471  0.1808411
318.522  0.1836154
318.573  0.1862240
318.624  0.1877550
318.674  0.1892939
318.725  0.1911325
318.776  0.1922119
318.827  0.1923519
318.878  0.1940527
318.928  0.1964404
318.979  0.1985431
319.030  0.2007444
319.081  0.2047098
319.132  0.2038005
319.183  0.2043401
319.234  0.2031001
319.285  0.2011652
319.336  0.1973446
319.387  0.1928433
319.438  0.1838956
319.489  0.1794902
319.540  0.1756681
319.591  0.1756920
319.642  0.1777573
319.693  0.1793610
319.744  0.1813172
319.795  0.1840657
319.846  0.1855455
319.898  0.1837998
319.949  0.1795586
320.000  0.1753303
320.051  0.1730928
320.102  0.1720530
320.154  0.1760283
320.205  0.1817178
320.256  0.1876644
320.307  0.1925516
320.359  0.1969009
320.410  0.2015054
320.461  0.2059109
320.513  0.2079323
320.564  0.2082973
320.616  0.2096909
320.667  0.2126547
320.718  0.2168539
320.770  0.2213711
320.821  0.2246309
320.873  0.2275408
320.924  0.2316127
320.976  0.2352048
321.027  0.2378229
321.079  0.2397992
321.130  0.2406619
321.182  0.2411684
321.234  0.2411530
321.285  0.2402415
321.337  0.2395885
321.388  0.2386855
321.440  0.2379723
321.492  0.2385248
321.543  0.2397168
321.595  0.2403839
321.647  0.2421546
321.699  0.2433659
321.750  0.2426457
321.802  0.2404276
321.854  0.2369591
321.906  0.2290025
321.957  0.2152848
322.009  0.2042324
322.061  0.2011522
322.113  0.2007152
322.165  0.2027893
322.217  0.2068584
322.269  0.2112771
322.321  0.2155218
322.373  0.2192536
322.425  0.2234086
322.477  0.2251353
322.529  0.2231677
322.581  0.2158253
322.633  0.2087588
322.685  0.2058533
322.737  0.2086648
322.789  0.2123415
322.841  0.2155390
322.893  0.2203873
322.945  0.2264302
322.997  0.2317632
323.050  0.2374128
323.102  0.2411975
323.154  0.2459189
323.206  0.2511431
323.258  0.2554597
323.311  0.2583341
323.363  0.2610790
323.415  0.2645753
323.468  0.2681726
323.520  0.2710522
323.572  0.2726254
323.625  0.2746853
323.677  0.2777485
323.729  0.2799062
323.782  0.2819950
323.834  0.2830605
323.887  0.2840956
323.939  0.2839702
323.992  0.2833397
324.044  0.2811712
324.097  0.2785607
324.149  0.2749643
324.202  0.2721380
324.254  0.2708627
324.307  0.2707506
324.359  0.2715189
324.412  0.2725895
324.465  0.2728284
324.517  0.2732741
324.570  0.2735602
324.623  0.2725873
324.675  0.2691552
324.728  0.2579804
324.781  0.2434013
324.834  0.2365219
324.886  0.2341831
324.939  0.2351638
324.992  0.2390588
325.045  0.2422988
325.098  0.2458201
325.150  0.2507110
325.203  0.2556581
325.256  0.2609478
325.309  0.2637084
325.362  0.2655634
325.415  0.2650330
325.468  0.2602719
325.521  0.2579483
325.574  0.2585952
325.627  0.2607421
325.680  0.2633786
325.733  0.2690340
325.786  0.2715826
325.839  0.2757669
325.892  0.2788337
325.945  0.2828427
325.998  0.2872495
326.052  0.2897426
326.105  0.2919406
326.158  0.2948305
326.211  0.2975141
326.264  0.2996548
326.318  0.3009852
326.371  0.3023063
326.424  0.3035327
326.477  0.3048554
326.531  0.3062337
326.584  0.3075099
326.637  0.3085647
326.691  0.3098619
326.744  0.3108563
326.797  0.3116549
326.851  0.3120518
326.904  0.3120715
326.958  0.3105322
327.011  0.3073751
327.065  0.3038642
327.118  0.2994860
327.172  0.2954185
327.225  0.2935521
327.279  0.2938163
327.332  0.2944778
327.386  0.2956797
327.439  0.2974007
327.493  0.2998359
327.547  0.3009490
327.600  0.3014123
327.654  0.3014102
327.708  0.2979213
327.761  0.2899060
327.815  0.2831170
327.869  0.2770581
327.923  0.2711161
327.976  0.2686644
328.030  0.2696570
328.084  0.2714846
328.138  0.2747350
328.192  0.2792426
328.246  0.2842569
328.299  0.2881045
328.353  0.2913674
328.407  0.2950563
328.461  0.2995129
328.515  0.3032190
328.569  0.3058354
328.623  0.3087455
328.677  0.3116416
328.731  0.3149145
328.785  0.3174828
328.839  0.3190945
328.893  0.3214601
328.947  0.3234358
329.001  0.3251537
329.056  0.3267547
329.110  0.3282752
329.164  0.3298198
329.218  0.3312964
329.272  0.3322617
329.327  0.3328712
329.381  0.3336834
329.435  0.3345741
329.489  0.3344727
329.544  0.3349663
329.598  0.3343868
329.652  0.3340566
329.707  0.3343055
329.761  0.3345657
329.815  0.3351421
329.870  0.3355686
329.924  0.3362609
329.979  0.3366229
330.033  0.3367551
330.087  0.3353278
330.142  0.3339466
330.196  0.3296223
330.251  0.3215489
330.306  0.3163365
330.360  0.3147453
330.415  0.3143470
330.469  0.3155852
330.524  0.3172907
330.578  0.3184984
330.633  0.3203609
330.688  0.3222747
330.743  0.3242869
330.797  0.3251305
330.852  0.3252247
330.907  0.3238946
330.961  0.3179441
331.016  0.3113759
331.071  0.3088292
331.126  0.3082336
331.181  0.3094403
331.236  0.3128376
331.290  0.3151708
331.345  0.3170681
331.400  0.3202450
331.455  0.3238111
331.510  0.3268494
331.565  0.3296800
331.620  0.3315858
331.675  0.3342171
331.730  0.3365840
331.785  0.3391854
331.840  0.3402121
331.895  0.3422246
331.950  0.3440095
332.005  0.3454920
332.060  0.3466736
332.116  0.3480325
332.171  0.3492296
332.226  0.3505632
332.281  0.3515066
332.336  0.3521094
332.392  0.3534863
332.447  0.3542095
332.502  0.3550078
332.557  0.3552026
332.613  0.3554596
332.668  0.3556582
332.723  0.3559114
332.779  0.3557374
332.834  0.3552800
332.889  0.3542390
332.945  0.3534672
333.000  0.3528867
333.056  0.3529162
333.111  0.3530194
333.167  0.3530022
333.222  0.3534664
333.278  0.3538077
333.333  0.3541102
333.389  0.3537234
333.444  0.3531168
333.500  0.3509572
333.556  0.3470718
333.611  0.3415124
333.667  0.3361863
333.723  0.3341591
333.778  0.3341098
333.834  0.3350916
333.890  0.3364909
333.946  0.3386534
334.001  0.3412547
334.057  0.3434135
334.113  0.3455378
334.169  0.3477847
334.225  0.3502249
334.280  0.3524550
334.336  0.3536310
334.392  0.3555649
334.448  0.3568565
334.504  0.3582727
334.560  0.3592152
334.616  0.3597956
334.672  0.3606787
334.728  0.3616617
334.784  0.3625650
334.840  0.3637839
334.896  0.3646411
334.952  0.3657114
335.008  0.3667913
335.065  0.3679989
335.121  0.3689549
335.177  0.3696301
335.233  0.3703787
335.289  0.3713317
335.345  0.3716306
335.402  0.3721656
335.458  0.3727135
335.514  0.3732021
335.570  0.3733779
335.627  0.3733162
335.683  0.3736697
335.739  0.3741048
335.796  0.3744581
335.852  0.3748691
335.909  0.3753363
335.965  0.3755760
336.022  0.3756464
336.078  0.3755720
336.134  0.3758561
336.191  0.3754232
336.247  0.3745441
336.304  0.3739631
336.361  0.3729143
336.417  0.3710691
336.474  0.3694798
336.530  0.3693859
336.587  0.3696189
336.644  0.3701827
336.700  0.3707348
336.757  0.3714727
336.814  0.3722053
336.870  0.3726595
336.927  0.3727843
336.984  0.3722605
337.041  0.3709861
337.098  0.3695706
337.154  0.3662613
337.211  0.3627772
337.268  0.3605562
337.325  0.3603578
337.382  0.3609017
337.439  0.3626867
337.496  0.3644573
337.553  0.3661872
337.610  0.3677047
337.667  0.3696293
337.724  0.3712619
337.781  0.3730533
337.838  0.3741244
337.895  0.3755347
337.952  0.3769040
338.009  0.3782865
338.066  0.3790630
338.123  0.3801349
338.181  0.3817699
338.238  0.3825211
338.295  0.3831436
338.352  0.3840355
338.409  0.3847851
338.467  0.3857096
338.524  0.3865431
338.581  0.3865912
338.639  0.3875113
338.696  0.3874901
338.753  0.3881287
338.811  0.3887263
338.868  0.3893271
338.926  0.3894718
338.983  0.3899071
339.041  0.3900968
339.098  0.3901976
339.155  0.3905460
339.213  0.3909496
339.271  0.3909562
339.328  0.3911490
339.386  0.3909776
339.443  0.3910262
339.501  0.3913365
339.559  0.3914003
339.616  0.3915925
339.674  0.3919624
339.732  0.3921359
339.789  0.3924274
339.847  0.3920656
339.905  0.3920809
339.963  0.3912014
340.020  0.3893768
340.078  0.3875621
340.136  0.3849373
340.194  0.3846373
340.252  0.3850093
340.310  0.3856141
340.368  0.3863606
340.426  0.3874371
340.483  0.3884450
340.541  0.3893207
340.599  0.3904161
340.657  0.3913082
340.715  0.3923170
340.774  0.3931959
340.832  0.3940412
340.890  0.3949033
340.948  0.3955789
341.006  0.3962947
341.064  0.3969017
341.122  0.3976192
341.180  0.3982547
341.239  0.3988184
341.297  0.3993888
341.355  0.3998064
341.413  0.4004201
341.472  0.4008387
341.530  0.4013148
341.588  0.4017053
341.647  0.4020346
341.705  0.4024197
341.763  0.4026908
341.822  0.4030219
341.880  0.4033052
341.939  0.4036105
341.997  0.4038901
342.056  0.4042179
342.114  0.4044803
342.173  0.4048490
342.231  0.4051504
342.290  0.4055354
342.349  0.4058294
342.407  0.4061409
342.466  0.4064098
342.524  0.4066951
342.583  0.4069889
342.642  0.4071941
342.700  0.4073594
342.759  0.4075534
342.818  0.4076632
342.877  0.4077348
342.936  0.4078001
342.994  0.4079143
343.053  0.4079536
343.112  0.4078488
343.171  0.4077450
343.230  0.4077127
343.289  0.4078734
343.348  0.4081701
343.407  0.4084442
343.466  0.4087618
343.525  0.4090140
343.584  0.4091983
343.643  0.4092011
343.702  0.4091336
343.761  0.4089393
343.820  0.4083570
343.879  0.4070440
343.938  0.4054866
343.997  0.4047563
344.056  0.4046801
344.116  0.4050051
344.175  0.4055959
344.234  0.4063500
344.293  0.4071266
344.353  0.4079325
344.412  0.4087273
344.471  0.4096041
344.531  0.4103998
344.590  0.4111573
344.649  0.4119648
344.709  0.4125669
344.768  0.4130788
344.828  0.4138022
344.887  0.4142912
344.947  0.4147034
345.006  0.4152331
345.066  0.4156236
345.125  0.4161377
345.185  0.4164972
345.244  0.4168792
345.304  0.4172439
345.363  0.4176021
345.423  0.4179682
345.483  0.4183512
345.542  0.4186666
345.602  0.4189361
345.662  0.4191756
345.722  0.4194255
345.781  0.4197463
345.841  0.4199722
345.901  0.4203076
345.961  0.4206399
346.021  0.4210159
346.081  0.4214439
346.141  0.4218649
346.200  0.4222394
346.260  0.4226532
346.320  0.4230210
346.380  0.4233462
346.440  0.4235908
346.500  0.4238063
346.560  0.4240067
346.620  0.4242701
346.681  0.4244965
346.741  0.4247620
346.801  0.4250240
346.861  0.4252519
346.921  0.4255002
346.981  0.4256872
347.041  0.4258637
347.102  0.4259660
347.162  0.4259540
347.222  0.4259120
347.283  0.4259086
347.343  0.4258288
347.403  0.4258329
347.464  0.4258910
347.524  0.4260611
347.584  0.4263237
347.645  0.4267036
347.705  0.4271594
347.766  0.4275710
347.826  0.4279992
347.887  0.4284020
347.947  0.4288078
348.008  0.4291337
348.068  0.4294513
348.129  0.4297533
348.189  0.4300766
348.250  0.4304109
348.311  0.4307377
348.371  0.4310285
348.432  0.4313413
348.493  0.4316349
348.553  0.4319416
348.614  0.4322282
348.675  0.4325152
348.736  0.4328030
348.797  0.4330999
348.857  0.4334529
348.918  0.4337928
348.979  0.4340907
349.040  0.4344023
349.101  0.4346992
349.162  0.4349954
349.223  0.4352599
349.284  0.4355252
349.345  0.4357952
349.406  0.4360145
349.467  0.4362340
349.528  0.4364152
349.589  0.4366007
349.650  0.4368050
349.711  0.4370150
349.773  0.4372744
349.834  0.4375364
349.895  0.4378036
349.956  0.4380691
350.017  0.4383152
350.079  0.4385955
350.140  0.4388413
350.201  0.4390429
350.263  0.4392648
350.324  0.4394716
350.385  0.4396914
350.447  0.4399363
350.508  0.4401685
350.570  0.4404300
350.631  0.4406831
350.693  0.4408938
350.754  0.4411511
350.816  0.4413848
350.877  0.4416291
350.939  0.4418305
351.000  0.4420525
351.062  0.4422361
351.124  0.4424334
351.185  0.4426130
351.247  0.4427076
351.309  0.4427278
351.370  0.4426716
351.432  0.4426483
351.494  0.4426417
351.556  0.4425962
351.617  0.4426393
351.679  0.4427788
351.741  0.4430456
351.803  0.4434032
351.865  0.4438220
351.927  0.4442313
351.989  0.4446556
352.051  0.4450158
352.113  0.4453423
352.175  0.4456709
352.237  0.4459976
352.299  0.4463655
352.361  0.4466796
352.423  0.4469995
352.485  0.4473067
352.547  0.4476315
352.609  0.4479534
352.671  0.4482982
352.734  0.4486168
352.796  0.4489610
352.858  0.4492571
352.920  0.4495429
352.983  0.4498311
353.045  0.4501504
353.107  0.4504242
353.170  0.4506597
353.232  0.4509142
353.294  0.4511129
353.357  0.4513687
353.419  0.4516247
353.482  0.4518838
353.544  0.4521173
353.607  0.4522823
353.669  0.4524909
353.732  0.4527199
353.794  0.4529395
353.857  0.4531651
353.920  0.4533732
353.982  0.4536000
354.045  0.4537922
354.108  0.4540046
354.170  0.4542011
354.233  0.4544479
354.296  0.4546897
354.359  0.4549150
354.421  0.4551492
354.484  0.4553942
354.547  0.4556312
354.610  0.4558924
354.673  0.4561431
354.736  0.4563895
354.799  0.4566650
354.862  0.4569174
354.925  0.4571659
354.988  0.4574068
355.051  0.4576905
355.114  0.4579273
355.177  0.4581654
355.240  0.4584016
355.303  0.4586308
355.366  0.4588710
355.429  0.4591270
355.492  0.4593724
355.556  0.4596524
355.619  0.4599292
355.682  0.4601907
355.745  0.4604495
355.809  0.4606979
355.872  0.4608785
355.935  0.4611040
355.999  0.4613261
356.062  0.4615613
356.125  0.4617917
356.189  0.4620357
356.252  0.4622696
356.316  0.4625008
356.379  0.4627354
356.443  0.4629604
356.506  0.4631596
356.570  0.4633223
356.633  0.4634312
356.697  0.4635316
356.761  0.4636807
356.824  0.4638698
356.888  0.4640777
356.952  0.4642828
357.015  0.4645360
357.079  0.4647886
357.143  0.4650554
357.207  0.4653350
357.270  0.4656150
357.334  0.4658493
357.398  0.4660977
357.462  0.4663541
357.526  0.4666246
357.590  0.4669171
357.654  0.4671768
357.718  0.4674455
357.782  0.4676800
357.846  0.4679578
357.910  0.4682296
357.974  0.4684871
358.038  0.4687470
358.102  0.4690216
358.166  0.4693031
358.230  0.4695490
358.295  0.4698080
358.359  0.4700908
358.423  0.4703519
358.487  0.4706071
358.551  0.4708725
358.616  0.4711470
358.680  0.4714080
358.744  0.4716790
358.809  0.4719310
358.873  0.4721686
358.938  0.4724068
359.002  0.4726338
359.066  0.4728693
359.131  0.4731237
359.195  0.4733446
359.260  0.4735463
359.324  0.4737632
359.389  0.4739475
359.454  0.4741623
359.518  0.4743692
359.583  0.4746000
359.648  0.4748411
359.712  0.4750909
359.777  0.4753385
359.842  0.4755838
359.906  0.4758154
359.971  0.4760092
360.036  0.4762413
360.101  0.4764866
360.166  0.4767238
360.231  0.4769871
360.295  0.4772103
360.360  0.4774459
360.425  0.4776713
360.490  0.4778747
360.555  0.4780821
360.620  0.4782890
360.685  0.4785260
360.750  0.4787602
360.815  0.4789820
360.881  0.4792259
360.946  0.4794990
361.011  0.4797638
361.076  0.4799980
361.141  0.4802433
361.206  0.4805026
361.272  0.4807549
361.337  0.4810071
361.402  0.4812594
361.468  0.4815242
361.533  0.4817891
361.598  0.4820287
361.664  0.4822768
361.729  0.4825179
361.794  0.4827617
361.860  0.4829985
361.925  0.4832493
361.991  0.4834805
362.056  0.4837257
362.122  0.4839568
362.188  0.4842090
362.253  0.4844246
362.319  0.4846599
362.384  0.4849290
362.450  0.4851642
362.516  0.4853896
362.582  0.4856432
362.647  0.4859080
362.713  0.4861305
362.779  0.4863571
362.845  0.4866149
362.911  0.4868670
362.976  0.4871290
363.042  0.4873796
363.108  0.4876077
363.174  0.4878554
363.240  0.4880990
363.306  0.4883752
363.372  0.4886217
363.438  0.4888481
363.504  0.4891200
363.570  0.4893820
363.636  0.4896398
363.703  0.4899032
363.769  0.4901425
363.835  0.4903461
363.901  0.4905722
363.967  0.4907653
364.033  0.4909884
364.100  0.4911901
364.166  0.4914073
364.232  0.4916174
364.299  0.4918303
364.365  0.4920274
364.431  0.4922245
364.498  0.4924130
364.564  0.4926171
364.631  0.4928226
364.697  0.4930309
364.764  0.4932666
364.830  0.4934891
364.897  0.4937098
364.964  0.4939407
365.030  0.4941404
365.097  0.4943852
365.163  0.4946264
365.230  0.4948569
365.297  0.4950994
365.364  0.4953744
365.430  0.4957281
365.497  0.4959805
365.564  0.4962475
365.631  0.4964870
365.698  0.4967250
365.764  0.4970007
365.831  0.4972661
365.898  0.4975287
365.965  0.4978101
366.032  0.4980901
366.099  0.4983671
366.166  0.4986327
366.233  0.4988851
366.300  0.4991579
366.367  0.4993944
366.435  0.4996440
366.502  0.4998718
366.569  0.5000895
366.636  0.5003259
366.703  0.5005536
366.771  0.5007624
366.838  0.5009609
366.905  0.5011929
366.972  0.5013986
367.040  0.5016115
367.107  0.5018200
367.175  0.5020183
367.242  0.5022676
367.309  0.5025052
367.377  0.5027399
367.444  0.5029686
367.512  0.5032353
367.579  0.5034656
367.647  0.5036840
367.715  0.5039186
367.782  0.5041603
367.850  0.5043933
367.918  0.5046439
367.985  0.5048783
368.053  0.5051376
368.121  0.5053955
368.189  0.5056210
368.256  0.5058701
368.324  0.5061249
368.392  0.5063520
368.460  0.5066186
368.528  0.5068616
368.596  0.5071208
368.664  0.5073418
368.732  0.5075539
368.800  0.5077837
368.868  0.5080310
368.936  0.5082680
369.004  0.5084844
369.072  0.5086919
369.140  0.5089126
369.208  0.5091509
369.276  0.5094056
369.344  0.5096158
369.413  0.5098660
369.481  0.5101368
369.549  0.5103885
369.617  0.5106341
369.686  0.5108650
369.754  0.5110885
369.822  0.5112806
369.891  0.5114993
369.959  0.5117461
370.028  0.5119646
370.096  0.5122293
370.165  0.5124760
370.233  0.5126975
370.302  0.5129413
370.370  0.5132134
370.439  0.5134854
370.508  0.5137336
370.576  0.5139624
370.645  0.5142389
370.714  0.5144661
370.782  0.5147067
370.851  0.5149310
370.920  0.5151327
370.989  0.5153119
371.057  0.5155434
371.126  0.5157795
371.195  0.5160019
371.264  0.5161929
371.333  0.5164168
371.402  0.5166061
371.471  0.5167999
371.540  0.5169997
371.609  0.5171994
371.678  0.5174019
371.747  0.5175970
371.816  0.5178490
371.885  0.5180621
371.955  0.5182976
372.024  0.5185436
372.093  0.5187867
372.162  0.5189949
372.232  0.5192243
372.301  0.5194688
372.370  0.5197101
372.439  0.5199560
372.509  0.5202019
372.578  0.5204825
372.648  0.5207359
372.717  0.5209924
372.787  0.5212427
372.856  0.5215234
372.926  0.5217691
372.995  0.5220118
373.065  0.5222668
373.134  0.5225079
373.204  0.5227415
373.274  0.5229873
373.343  0.5232390
373.413  0.5234878
373.483  0.5237182
373.552  0.5239517
373.622  0.5241500
373.692  0.5243545
373.762  0.5245833
373.832  0.5248242
373.902  0.5250346
373.972  0.5253014
374.042  0.5255407
374.111  0.5257891
374.181  0.5260421
374.251  0.5263227
374.322  0.5265848
374.392  0.5268331
374.462  0.5270586
374.532  0.5272963
374.602  0.5275063
374.672  0.5277255
374.742  0.5279600
374.813  0.5281669
374.883  0.5283814
374.953  0.5285636
375.023  0.5287441
375.094  0.5289444
375.164  0.5291384
375.235  0.5293555
375.305  0.5295525
375.375  0.5297741
375.446  0.5300094
375.516  0.5302217
375.587  0.5304508
375.657  0.5306892
375.728  0.5309229
375.799  0.5311442
375.869  0.5313068
375.940  0.5314725
376.011  0.5316783
376.081  0.5318900
376.152  0.5321080
376.223  0.5323213
376.294  0.5325530
376.364  0.5328311
376.435  0.5330660
376.506  0.5333163
376.577  0.5336146
376.648  0.5338586
376.719  0.5341352
376.790  0.5344367
376.861  0.5347117
376.932  0.5349558
377.003  0.5352308
377.074  0.5355044
377.145  0.5357530
377.216  0.5360328
377.287  0.5362876
377.358  0.5365425
377.430  0.5367661
377.501  0.5370007
377.572  0.5372430
377.643  0.5374712
377.715  0.5376759
377.786  0.5378994
377.858  0.5381323
377.929  0.5383822
378.000  0.5386416
378.072  0.5388774
378.143  0.5391117
378.215  0.5393287
378.286  0.5395269
378.358  0.5397453
378.430  0.5399685
378.501  0.5402198
378.573  0.5404334
378.644  0.5406392
378.716  0.5408747
378.788  0.5410710
378.860  0.5413001
378.931  0.5415167
379.003  0.5417316
379.075  0.5419417
379.147  0.5421141
379.219  0.5423068
379.291  0.5424805
379.363  0.5426763
379.435  0.5428246
379.507  0.5430203
379.579  0.5432710
379.651  0.5434618
379.723  0.5437045
379.795  0.5439409
379.867  0.5441947
379.939  0.5444421
380.011  0.5447084
380.084  0.5449131
380.156  0.5451542
380.228  0.5454126
380.300  0.5456501
380.373  0.5458892
380.445  0.5460854
380.518  0.5463069
380.590  0.5465506
380.662  0.5468182
380.735  0.5470699
380.807  0.5473040
380.880  0.5475667
380.952  0.5478119
381.025  0.5480380
381.098  0.5482912
381.170  0.5484997
381.243  0.5487161
381.316  0.5489770
381.388  0.5492253
381.461  0.5494543
381.534  0.5496578
381.607  0.5498837
381.679  0.5500999
381.752  0.5503671
381.825  0.5506264
381.898  0.5508264
381.971  0.5510264
382.044  0.5512551
382.117  0.5515078
382.190  0.5517958
382.263  0.5520645
382.336  0.5523428
382.409  0.5525907
382.482  0.5528273
382.555  0.5530286
382.629  0.5532378
382.702  0.5534437
382.775  0.5536867
382.848  0.5539311
382.922  0.5541434
382.995  0.5543604
383.068  0.5545678
383.142  0.5547654
383.215  0.5549919
383.289  0.5552136
383.362  0.5554756
383.436  0.5556827
383.509  0.5558995
383.583  0.5561032
383.656  0.5562859
383.730  0.5564589
383.803  0.5566415
383.877  0.5568789
383.951  0.5571277
384.025  0.5573812
384.098  0.5576315
384.172  0.5578510
384.246  0.5580284
384.320  0.5582430
384.394  0.5584348
384.467  0.5586476
384.541  0.5588765
384.615  0.5590682
384.689  0.5592546
384.763  0.5595189
384.837  0.5598077
384.911  0.5600574
384.986  0.5603233
385.060  0.5605844
385.134  0.5608112
385.208  0.5610250
385.282  0.5612714
385.356  0.5614981
385.431  0.5617019
385.505  0.5618715
385.579  0.5620409
385.654  0.5622821
385.728  0.5625609
385.802  0.5628413
385.877  0.5631020
385.951  0.5633841
386.026  0.5636398
386.100  0.5638843
386.175  0.5641302
386.250  0.5643582
386.324  0.5646090
386.399  0.5648369
386.473  0.5650450
386.548  0.5652548
386.623  0.5654562
386.698  0.5656362
386.772  0.5658392
386.847  0.5660519
386.922  0.5662417
386.997  0.5664445
387.072  0.5666620
387.147  0.5668926
387.222  0.5670985
387.297  0.5673160
387.372  0.5675234
387.447  0.5677555
387.522  0.5679958
387.597  0.5682081
387.672  0.5684120
387.747  0.5686291
387.822  0.5688478
387.898  0.5691160
387.973  0.5693610
388.048  0.5696094
388.123  0.5698362
388.199  0.5700827
388.274  0.5703327
388.350  0.5705478
388.425  0.5707793
388.500  0.5710027
388.576  0.5712028
388.651  0.5714044
388.727  0.5716275
388.802  0.5718306
388.878  0.5719972
388.954  0.5721821
389.029  0.5723701
389.105  0.5726030
389.181  0.5728441
389.257  0.5730769
389.332  0.5732980
389.408  0.5735973
389.484  0.5738683
389.560  0.5741242
389.636  0.5743219
389.712  0.5745312
389.788  0.5747320
389.864  0.5749344
389.940  0.5751733
390.016  0.5754106
390.092  0.5755991
390.168  0.5757927
390.244  0.5760147
390.320  0.5762516
390.396  0.5765169
390.472  0.5767705
390.549  0.5769840
390.625  0.5772308
390.701  0.5774726
390.778  0.5776926
390.854  0.5779025
390.930  0.5781056
391.007  0.5783019
391.083  0.5785317
391.160  0.5787716
391.236  0.5790182
391.313  0.5791941
391.389  0.5793497
391.466  0.5794885
391.543  0.5796524
391.619  0.5797893
391.696  0.5799984
391.773  0.5802631
391.850  0.5805615
391.926  0.5808700
392.003  0.5811516
392.080  0.5814096
392.157  0.5816371
392.234  0.5818375
392.311  0.5820684
392.388  0.5822941
392.465  0.5825062
392.542  0.5827521
392.619  0.5829489
392.696  0.5831660
392.773  0.5834524
392.850  0.5837304
392.927  0.5840185
393.005  0.5843051
393.082  0.5845609
393.159  0.5848101
393.236  0.5850455
393.314  0.5852351
393.391  0.5854264
393.468  0.5856159
393.546  0.5858138
393.623  0.5860269
393.701  0.5862706
393.778  0.5864887
393.856  0.5866830
393.933  0.5869011
394.011  0.5871549
394.089  0.5874171
394.166  0.5876470
394.244  0.5878666
394.322  0.5880930
394.400  0.5883261
394.477  0.5885455
394.555  0.5887923
394.633  0.5889877
394.711  0.5891488
394.789  0.5893202
394.867  0.5894931
394.945  0.5897071
395.023  0.5898816
395.101  0.5900577
395.179  0.5902115
395.257  0.5903584
395.335  0.5905582
395.413  0.5907701
395.491  0.5910314
395.570  0.5912771
395.648  0.5914714
395.726  0.5916415
395.804  0.5918322
395.883  0.5921414
395.961  0.5924283
396.040  0.5926808
396.118  0.5929556
396.197  0.5931943
396.275  0.5934639
396.354  0.5937301
396.432  0.5939825
396.511  0.5942193
396.589  0.5944578
396.668  0.5946565
396.747  0.5948674
396.825  0.5950850
396.904  0.5953217
396.983  0.5955289
397.062  0.5957567
397.141  0.5960158
397.219  0.5962367
397.298  0.5964540
397.377  0.5966679
397.456  0.5968176
397.535  0.5969481
397.614  0.5970976
397.693  0.5972662
397.772  0.5973652
397.852  0.5975439
397.931  0.5977485
398.010  0.5979532
398.089  0.5981386
398.168  0.5983518
398.248  0.5985092
398.327  0.5986596
398.406  0.5989109
398.486  0.5992368
398.565  0.5995141
398.645  0.5997879
398.724  0.6001262
398.804  0.6004732
398.883  0.6007435
398.963  0.6009703
399.042  0.6012074
399.122  0.6014149
399.202  0.6016485
399.281  0.6017876
399.361  0.6019530
399.441  0.6021148
399.521  0.6023061
399.600  0.6024782
399.680  0.6026344
399.760  0.6027993
399.840  0.6029309
399.920  0.6030710
400.000  0.6032985
400.080  0.6035224
400.160  0.6037287
400.240  0.6040297
400.320  0.6042043
400.400  0.6044052
400.481  0.6046816
400.561  0.6049316
400.641  0.6051569
400.721  0.6053419
400.802  0.6055512
400.882  0.6058063
400.962  0.6060192
401.043  0.6062425
401.123  0.6064940
401.204  0.6067349
401.284  0.6069810
401.365  0.6072166
401.445  0.6074609
401.526  0.6076787
401.606  0.6079158
401.687  0.6081441
401.768  0.6084007
401.848  0.6086642
401.929  0.6088978
402.010  0.6091790
402.091  0.6094584
402.172  0.6097078
402.253  0.6099111
402.334  0.6101303
402.414  0.6103742
402.495  0.6106127
402.576  0.6108530
402.658  0.6110667
402.739  0.6112555
402.820  0.6114459
402.901  0.6116808
402.982  0.6119332
403.063  0.6121466
403.145  0.6123725
403.226  0.6125679
403.307  0.6127651
403.388  0.6129338
403.470  0.6131327
403.551  0.6133529
403.633  0.6134679
403.714  0.6135811
403.796  0.6137279
403.877  0.6139068
403.959  0.6141444
404.040  0.6143963
404.122  0.6146374
404.204  0.6148785
404.285  0.6151267
404.367  0.6153659
404.449  0.6156141
404.531  0.6158246
404.613  0.6159743
404.694  0.6160181
404.776  0.6161708
404.858  0.6164541
404.940  0.6166695
405.022  0.6167522
405.104  0.6168383
405.186  0.6170426
405.268  0.6173830
405.351  0.6177199
405.433  0.6180210
405.515  0.6183095
405.597  0.6186088
405.680  0.6188757
405.762  0.6191014
405.844  0.6193018
405.927  0.6194895
406.009  0.6197545
406.091  0.6199206
406.174  0.6200847
406.256  0.6203604
406.339  0.6206685
406.421  0.6209461
406.504  0.6211731
406.587  0.6214884
406.669  0.6217334
406.752  0.6219406
406.835  0.6221602
406.918  0.6223527
407.000  0.6225956
407.083  0.6227738
407.166  0.6229632
407.249  0.6231905
407.332  0.6233851
407.415  0.6235146
407.498  0.6237073
407.581  0.6238293
407.664  0.6239222
407.747  0.6241001
407.830  0.6241349
407.914  0.6242455
407.997  0.6245357
408.080  0.6246759
408.163  0.6246493
408.247  0.6246769
408.330  0.6248912
408.413  0.6251165
408.497  0.6253960
408.580  0.6256938
408.664  0.6259824
408.747  0.6262965
408.831  0.6264926
408.914  0.6266884
408.998  0.6269662
409.082  0.6272990
409.165  0.6275172
409.249  0.6276533
409.333  0.6277876
409.417  0.6279691
409.500  0.6281742
409.584  0.6284048
409.668  0.6287028
409.752  0.6290119
409.836  0.6292516
409.920  0.6294657
410.004  0.6296432
410.088  0.6297773
410.172  0.6298127
410.256  0.6298532
410.341  0.6300581
410.425  0.6302611
410.509  0.6304475
410.593  0.6307749
410.678  0.6310823
410.762  0.6312905
410.846  0.6314914
410.931  0.6317877
411.015  0.6321099
411.100  0.6323987
411.184  0.6326673
411.269  0.6329321
411.353  0.6331915
411.438  0.6334472
411.523  0.6337193
411.607  0.6339365
411.692  0.6340705
411.777  0.6342653
411.862  0.6345133
411.946  0.6347043
412.031  0.6349415
412.116  0.6351622
412.201  0.6353792
412.286  0.6355944
412.371  0.6357392
412.456  0.6359136
412.541  0.6359807
412.626  0.6360903
412.711  0.6362478
412.797  0.6364476
412.882  0.6365993
412.967  0.6366623
413.052  0.6367074
413.138  0.6368831
413.223  0.6370716
413.309  0.6371731
413.394  0.6372042
413.479  0.6374777
413.565  0.6376640
413.650  0.6379540
413.736  0.6383255
413.822  0.6386489
413.907  0.6390724
413.993  0.6394015
414.079  0.6397083
414.164  0.6400133
414.250  0.6402586
414.336  0.6405078
414.422  0.6406732
414.508  0.6407620
414.594  0.6409236
414.680  0.6411315
414.766  0.6413523
414.852  0.6415620
414.938  0.6417827
415.024  0.6419156
415.110  0.6420942
415.196  0.6423456
415.282  0.6426211
415.369  0.6429320
415.455  0.6432095
415.541  0.6435000
415.628  0.6437850
415.714  0.6440306
415.800  0.6442312
415.887  0.6443720
415.973  0.6445670
416.060  0.6448147
416.146  0.6450234
416.233  0.6451777
416.320  0.6453655
416.406  0.6455946
416.493  0.6458253
416.580  0.6460130
416.667  0.6461707
416.754  0.6463995
416.840  0.6466208
416.927  0.6468156
417.014  0.6469827
417.101  0.6471109
417.188  0.6472617
417.275  0.6473729
417.362  0.6475292
417.449  0.6477868
417.537  0.6480313
417.624  0.6482945
417.711  0.6484730
417.798  0.6485837
417.885  0.6487036
417.973  0.6489422
418.060  0.6492286
418.148  0.6493946
418.235  0.6494947
418.323  0.6497191
418.410  0.6499510
418.498  0.6501034
418.585  0.6502428
418.673  0.6504197
418.760  0.6506608
418.848  0.6510226
418.936  0.6512827
419.024  0.6515162
419.111  0.6517235
419.199  0.6519078
419.287  0.6520013
419.375  0.6520531
419.463  0.6522505
419.551  0.6524763
419.639  0.6526659
419.727  0.6527684
419.815  0.6529921
419.903  0.6531661
419.992  0.6534292
420.080  0.6537178
420.168  0.6539436
420.256  0.6541124
420.345  0.6542203
420.433  0.6544174
420.521  0.6546258
420.610  0.6548741
420.698  0.6550862
420.787  0.6553117
420.875  0.6554629
420.964  0.6555206
421.053  0.6557443
421.141  0.6559611
421.230  0.6562066
421.319  0.6564710
421.408  0.6567392
421.496  0.6569921
421.585  0.6572259
421.674  0.6574045
421.763  0.6575485
421.852  0.6577249
421.941  0.6577790
422.030  0.6578683
422.119  0.6580150
422.208  0.6582343
422.297  0.6584935
422.387  0.6587625
422.476  0.6589682
422.565  0.6591432
422.654  0.6593315
422.744  0.6595600
422.833  0.6598116
422.922  0.6600266
423.012  0.6602239
423.101  0.6604386
423.191  0.6606704
423.280  0.6608887
423.370  0.6609900
423.460  0.6610028
423.549  0.6611922
423.639  0.6613526
423.729  0.6615110
423.819  0.6617175
423.908  0.6619160
423.998  0.6619341
424.088  0.6619460
424.178  0.6621788
424.268  0.6625388
424.358  0.6626119
424.448  0.6626522
424.538  0.6627541
424.628  0.6630654
424.719  0.6632956
424.809  0.6635260
424.899  0.6637600
424.989  0.6642469
425.080  0.6647000
425.170  0.6649180
425.260  0.6650381
425.351  0.6652675
425.441  0.6655537
425.532  0.6658179
425.622  0.6660944
425.713  0.6663489
425.804  0.6665421
425.894  0.6668489
425.985  0.6670477
426.076  0.6672391
426.167  0.6673929
426.257  0.6676158
426.348  0.6678255
426.439  0.6680256
426.530  0.6682698
426.621  0.6684619
426.712  0.6685375
426.803  0.6685466
426.894  0.6685445
426.985  0.6686878
427.077  0.6689132
427.168  0.6689056
427.259  0.6690073
427.350  0.6691782
427.442  0.6695088
427.533  0.6697598
427.625  0.6698178
427.716  0.6700005
427.807  0.6702493
427.899  0.6703243
427.991  0.6705323
428.082  0.6708753
428.174  0.6711035
428.266  0.6713023
428.357  0.6715772
428.449  0.6719536
428.541  0.6722537
428.633  0.6724387
428.725  0.6726198
428.816  0.6728652
428.908  0.6731768
429.000  0.6735081
429.092  0.6737394
429.185  0.6739471
429.277  0.6742191
429.369  0.6744677
429.461  0.6746695
429.553  0.6748766
429.646  0.6750935
429.738  0.6752553
429.830  0.6753898
429.923  0.6754573
430.015  0.6754689
430.108  0.6756050
430.200  0.6756876
430.293  0.6756212
430.385  0.6757310
430.478  0.6759176
430.571  0.6761544
430.663  0.6762741
430.756  0.6763799
430.849  0.6765421
430.942  0.6768422
431.034  0.6771911
431.127  0.6773088
431.220  0.6775056
431.313  0.6777097
431.406  0.6779374
431.499  0.6781472
431.593  0.6784220
431.686  0.6787086
431.779  0.6789104
431.872  0.6792011
431.965  0.6794956
432.059  0.6797649
432.152  0.6799756
432.246  0.6801645
432.339  0.6804240
432.432  0.6806939
432.526  0.6808822
432.620  0.6809542
432.713  0.6811370
432.807  0.6812478
432.900  0.6813136
432.994  0.6814354
433.088  0.6815806
433.182  0.6817368
433.276  0.6818240
433.369  0.6819146
433.463  0.6820742
433.557  0.6822637
433.651  0.6823406
433.745  0.6825338
433.839  0.6827031
433.934  0.6828689
434.028  0.6831780
434.122  0.6834992
434.216  0.6837489
434.311  0.6839152
434.405  0.6840875
434.499  0.6842496
434.594  0.6842784
434.688  0.6841920
434.783  0.6840833
434.877  0.6842572
434.972  0.6842041
435.066  0.6845731
435.161  0.6847372
435.256  0.6849926
435.350  0.6854888
435.445  0.6858385
435.540  0.6860602
435.635  0.6862403
435.730  0.6864179
435.825  0.6866734
435.920  0.6870025
436.015  0.6872012
436.110  0.6873356
436.205  0.6876170
436.300  0.6878645
436.395  0.6880635
436.491  0.6882991
436.586  0.6885802
436.681  0.6887417
436.777  0.6889829
436.872  0.6892622
436.967  0.6895555
437.063  0.6898725
437.158  0.6901027
437.254  0.6903246
437.350  0.6905168
437.445  0.6907407
437.541  0.6909685
437.637  0.6911447
437.733  0.6913241
437.828  0.6915038
437.924  0.6917213
438.020  0.6919377
438.116  0.6921026
438.212  0.6922290
438.308  0.6923371
438.404  0.6923952
438.500  0.6923123
438.596  0.6921011
438.693  0.6920720
438.789  0.6920849
438.885  0.6921607
438.982  0.6920670
439.078  0.6922888
439.174  0.6926540
439.271  0.6925925
439.367  0.6926120
439.464  0.6928262
439.560  0.6931870
439.657  0.6934292
439.754  0.6938164
439.850  0.6940724
439.947  0.6941692
440.044  0.6944113
440.141  0.6945574
440.238  0.6947625
440.335  0.6950729
440.432  0.6955046
440.529  0.6958560
440.626  0.6961843
440.723  0.6963800
440.820  0.6965002
440.917  0.6967340
441.014  0.6968982
441.112  0.6970259
441.209  0.6972034
441.306  0.6973846
441.404  0.6976150
441.501  0.6979472
441.599  0.6980410
441.696  0.6983776
441.794  0.6984136
441.891  0.6985996
441.989  0.6989865
442.087  0.6991758
442.184  0.6992882
442.282  0.6991231
442.380  0.6993536
442.478  0.6996635
442.576  0.6997226
442.674  0.6994808
442.772  0.6994391
442.870  0.7000515
442.968  0.7000777
443.066  0.6999965
443.164  0.7005282
443.262  0.7008189
443.361  0.7010771
443.459  0.7012569
443.557  0.7013210
443.656  0.7014777
443.754  0.7016594
443.853  0.7016337
443.951  0.7020197
444.050  0.7021043
444.148  0.7024245
444.247  0.7023025
444.346  0.7022993
444.444  0.7026635
444.543  0.7026913
444.642  0.7028804
444.741  0.7029939
444.840  0.7023913
444.939  0.7027324
445.038  0.7027698
445.137  0.7030619
445.236  0.7034399
445.335  0.7034105
445.434  0.7041245
445.534  0.7044277
445.633  0.7044958
445.732  0.7049690
445.831  0.7052497
445.931  0.7050919
446.030  0.7058031
446.130  0.7061139
446.229  0.7063053
446.329  0.7064871
446.429  0.7065115
446.528  0.7067097
446.628  0.7073411
446.728  0.7076088
446.828  0.7078222
446.927  0.7080424
447.027  0.7081976
447.127  0.7082683
447.227  0.7085616
447.327  0.7086150
447.427  0.7088093
447.527  0.7089329
447.628  0.7089742
447.728  0.7090750
447.828  0.7090392
447.928  0.7090089
448.029  0.7089101
448.129  0.7089592
448.229  0.7088406
448.330  0.7086917
448.430  0.7089219
448.531  0.7090971
448.632  0.7092734
448.732  0.7096243
448.833  0.7101511
448.934  0.7105820
449.035  0.7110234
449.135  0.7111548
449.236  0.7112470
449.337  0.7115437
449.438  0.7118620
449.539  0.7120900
449.640  0.7122502
449.741  0.7124477
449.843  0.7127215
449.944  0.7129868
450.045  0.7131330
450.146  0.7134029
450.248  0.7136285
450.349  0.7138069
450.450  0.7139542
450.552  0.7140407
450.653  0.7140840
450.755  0.7141329
450.857  0.7142752
450.958  0.7144615
451.060  0.7146391
451.162  0.7147395
451.264  0.7149553
451.365  0.7152214
451.467  0.7153927
451.569  0.7155814
451.671  0.7157869
451.773  0.7159673
451.875  0.7162021
451.977  0.7164546
452.080  0.7166079
452.182  0.7166251
452.284  0.7167465
452.386  0.7168551
452.489  0.7169579
452.591  0.7172402
452.694  0.7174633
452.796  0.7176734
452.899  0.7177773
453.001  0.7178663
453.104  0.7180388
453.206  0.7182301
453.309  0.7185339
453.412  0.7188278
453.515  0.7190462
453.618  0.7191475
453.721  0.7192235
453.823  0.7193328
453.926  0.7195633
454.030  0.7197911
454.133  0.7200825
454.236  0.7204123
454.339  0.7206434
454.442  0.7208212
454.545  0.7210541
454.649  0.7212088
454.752  0.7213783
454.856  0.7214983
454.959  0.7215483
455.063  0.7214306
455.166  0.7214626
455.270  0.7216271
455.373  0.7218485
455.477  0.7220641
455.581  0.7221463
455.685  0.7223486
455.789  0.7225887
455.892  0.7227597
455.996  0.7229377
456.100  0.7231755
456.204  0.7232980
456.308  0.7233628
456.413  0.7233750
456.517  0.7235309
456.621  0.7236574
456.725  0.7238857
456.830  0.7241239
456.934  0.7242889
457.038  0.7245683
457.143  0.7248332
457.247  0.7249753
457.352  0.7250760
457.457  0.7251276
457.561  0.7251663
457.666  0.7252002
457.771  0.7251718
457.875  0.7250882
457.980  0.7250310
458.085  0.7250552
458.190  0.7252040
458.295  0.7253090
458.400  0.7253264
458.505  0.7253937
458.610  0.7254996
458.716  0.7258418
458.821  0.7260682
458.926  0.7260899
459.031  0.7261480
459.137  0.7263473
459.242  0.7265664
459.348  0.7267528
459.453  0.7270225
459.559  0.7273377
459.664  0.7274951
459.770  0.7274829
459.876  0.7276060
459.982  0.7276122
460.087  0.7276834
460.193  0.7278772
460.299  0.7279850
460.405  0.7281554
460.511  0.7282798
460.617  0.7282767
460.723  0.7284089
460.829  0.7284200
460.936  0.7285184
461.042  0.7285490
461.148  0.7285448
461.255  0.7288256
461.361  0.7291403
461.467  0.7292925
461.574  0.7295006
461.681  0.7298274
461.787  0.7299019
461.894  0.7300340
462.000  0.7303117
462.107  0.7305336
462.214  0.7307763
462.321  0.7310268
462.428  0.7312797
462.535  0.7314753
462.642  0.7316451
462.749  0.7317614
462.856  0.7319394
462.963  0.7321102
463.070  0.7322602
463.177  0.7323751
463.285  0.7323983
463.392  0.7324379
463.499  0.7322185
463.607  0.7321542
463.714  0.7323813
463.822  0.7327673
463.929  0.7328837
464.037  0.7330551
464.145  0.7333178
464.253  0.7336121
464.360  0.7340133
464.468  0.7343680
464.576  0.7346541
464.684  0.7348354
464.792  0.7351408
464.900  0.7354444
465.008  0.7355179
465.116  0.7357605
465.224  0.7360563
465.333  0.7363272
465.441  0.7365636
465.549  0.7367959
465.658  0.7370539
465.766  0.7373275
465.875  0.7375827
465.983  0.7379009
466.092  0.7381671
466.200  0.7383789
466.309  0.7385091
466.418  0.7387037
466.527  0.7388501
466.636  0.7389515
466.744  0.7391060
466.853  0.7391330
466.962  0.7391310
467.071  0.7391896
467.181  0.7391828
467.290  0.7390851
467.399  0.7391859
467.508  0.7391119
467.617  0.7392676
467.727  0.7395040
467.836  0.7397370
467.946  0.7399637
468.055  0.7400703
468.165  0.7402399
468.274  0.7404177
468.384  0.7404277
468.494  0.7405195
468.604  0.7406954
468.713  0.7407694
468.823  0.7411137
468.933  0.7414851
469.043  0.7416619
469.153  0.7416867
469.263  0.7418773
469.373  0.7420066
469.484  0.7422071
469.594  0.7422301
469.704  0.7424480
469.814  0.7426220
469.925  0.7428395
470.035  0.7428869
470.146  0.7429467
470.256  0.7431519
470.367  0.7431714
470.478  0.7434585
470.588  0.7436215
470.699  0.7437825
470.810  0.7439586
470.921  0.7440708
471.032  0.7442828
471.143  0.7444835
471.254  0.7445855
471.365  0.7448288
471.476  0.7449656
471.587  0.7451950
471.698  0.7453537
471.809  0.7454978
471.921  0.7456458
472.032  0.7458079
472.144  0.7457595
472.255  0.7458697
472.367  0.7459611
472.478  0.7462987
472.590  0.7464848
472.701  0.7466413
472.813  0.7467119
472.925  0.7470620
473.037  0.7471898
473.149  0.7473494
473.261  0.7474171
473.373  0.7474590
473.485  0.7476854
473.597  0.7478941
473.709  0.7479329
473.821  0.7479353
473.934  0.7480919
474.046  0.7480249
474.158  0.7477044
474.271  0.7477222
474.383  0.7479715
474.496  0.7480799
474.608  0.7480321
474.721  0.7482629
474.834  0.7484517
474.947  0.7486388
475.059  0.7487853
475.172  0.7488596
475.285  0.7489946
475.398  0.7491749
475.511  0.7493231
475.624  0.7494987
475.737  0.7496611
475.851  0.7497704
475.964  0.7497825
476.077  0.7498486
476.190  0.7499294
476.304  0.7500019
476.417  0.7500490
476.531  0.7501838
476.644  0.7502163
476.758  0.7503190
476.872  0.7504740
476.985  0.7505810
477.099  0.7505220
477.213  0.7506820
477.327  0.7506916
477.441  0.7507975
477.555  0.7508564
477.669  0.7508649
477.783  0.7508839
477.897  0.7509743
478.011  0.7509747
478.126  0.7509784
478.240  0.7510631
478.354  0.7511518
478.469  0.7510736
478.583  0.7511806
478.698  0.7513265
478.813  0.7513498
478.927  0.7513256
479.042  0.7512846
479.157  0.7511755
479.272  0.7510706
479.386  0.7509228
479.501  0.7509229
479.616  0.7509326
479.731  0.7509414
479.846  0.7510625
479.962  0.7512067
480.077  0.7514134
480.192  0.7515447
480.307  0.7516164
480.423  0.7516926
480.538  0.7517632
480.654  0.7518706
480.769  0.7519750
480.885  0.7520991
481.000  0.7521392
481.116  0.7521666
481.232  0.7522368
481.348  0.7523489
481.464  0.7524474
481.580  0.7524681
481.696  0.7525333
481.812  0.7525497
481.928  0.7527515
482.044  0.7529324
482.160  0.7531454
482.276  0.7533418
482.393  0.7535527
482.509  0.7537628
482.625  0.7539833
482.742  0.7541765
482.859  0.7543453
482.975  0.7544701
483.092  0.7547028
483.208  0.7549380
483.325  0.7551748
483.442  0.7554451
483.559  0.7557167
483.676  0.7559093
483.793  0.7561147
483.910  0.7563030
484.027  0.7564390
484.144  0.7566267
484.262  0.7568271
484.379  0.7569797
484.496  0.7571121
484.613  0.7573773
484.731  0.7575293
484.849  0.7577369
484.966  0.7578940
485.084  0.7581214
485.201  0.7583203
485.319  0.7585301
485.437  0.7587509
485.555  0.7589573
485.673  0.7590587
485.791  0.7591396
485.909  0.7594671
486.027  0.7596637
486.145  0.7598192
486.263  0.7599687
486.381  0.7601680
486.500  0.7603423
486.618  0.7604842
486.736  0.7607363
486.855  0.7610423
486.973  0.7612653
487.092  0.7614682
487.211  0.7614643
487.329  0.7616244
487.448  0.7617811
487.567  0.7620246
487.686  0.7621992
487.805  0.7622824
487.924  0.7623275
488.043  0.7625030
488.162  0.7624490
488.281  0.7625417
488.400  0.7624807
488.520  0.7621913
488.639  0.7619612
488.759  0.7618182
488.878  0.7619321
488.998  0.7623741
489.117  0.7625877
489.237  0.7626031
489.356  0.7626971
489.476  0.7628161
489.596  0.7630582
489.716  0.7632058
489.836  0.7633490
489.956  0.7635227
490.076  0.7637022
490.196  0.7638129
490.316  0.7638278
490.436  0.7640528
490.557  0.7642453
490.677  0.7644829
490.798  0.7646697
490.918  0.7648974
491.039  0.7650489
491.159  0.7652092
491.280  0.7653139
491.400  0.7653759
491.521  0.7655322
491.642  0.7656586
491.763  0.7657956
491.884  0.7658789
492.005  0.7660401
492.126  0.7661225
492.247  0.7661750
492.368  0.7662391
492.490  0.7663146
492.611  0.7664708
492.732  0.7666181
492.854  0.7668281
492.975  0.7670049
493.097  0.7670772
493.218  0.7670992
493.340  0.7671206
493.462  0.7671590
493.583  0.7672553
493.705  0.7673886
493.827  0.7674795
493.949  0.7675353
494.071  0.7675886
494.193  0.7676810
494.315  0.7677217
494.438  0.7677843
494.560  0.7678828
494.682  0.7679441
494.805  0.7680622
494.927  0.7682889
495.049  0.7684336
495.172  0.7685677
495.295  0.7686708
495.417  0.7687668
495.540  0.7687516
495.663  0.7687506
495.786  0.7688323
495.909  0.7689296
496.032  0.7689724
496.155  0.7690188
496.278  0.7690864
496.401  0.7691290
496.524  0.7691474
496.648  0.7691191
496.771  0.7691670
496.894  0.7691772
497.018  0.7692440
497.141  0.7693278
497.265  0.7693757
497.389  0.7695272
497.512  0.7696275
497.636  0.7697151
497.760  0.7697725
497.884  0.7699064
498.008  0.7699424
498.132  0.7699573
498.256  0.7700856
498.380  0.7701027
498.504  0.7700364
498.629  0.7700398
498.753  0.7700197
498.878  0.7699846
499.002  0.7700015
499.127  0.7699644
499.251  0.7699139
499.376  0.7699275
499.501  0.7698990
499.625  0.7698537
499.750  0.7698203
499.875  0.7696992
500.000  0.7696838
500.125  0.7695624
500.250  0.7694762
500.375  0.7694068
500.500  0.7693912
500.626  0.7692554
500.751  0.7692321
500.877  0.7691069
501.002  0.7688673
501.128  0.7688242
501.253  0.7688724
501.379  0.7686944
501.505  0.7686709
501.630  0.7685328
501.756  0.7683979
501.882  0.7682864
502.008  0.7677460
502.134  0.7678962
502.260  0.7681925
502.386  0.7680776
502.513  0.7679620
502.639  0.7675697
502.765  0.7672188
502.892  0.7676357
503.018  0.7663040
503.145  0.7671848
503.271  0.7675024
503.398  0.7674669
503.525  0.7671526
503.651  0.7651265
503.778  0.7673895
503.905  0.7649813
504.032  0.7669134
504.159  0.7671382
504.286  0.7668139
504.414  0.7653172
504.541  0.7666134
504.668  0.7674498
504.796  0.7677497
504.923  0.7670883
505.050  0.7674050
505.178  0.7674889
505.306  0.7681551
505.433  0.7678519
505.561  0.7681796
505.689  0.7687232
505.817  0.7678321
505.945  0.7672854
506.073  0.7689724
506.201  0.7682592
506.329  0.7695623
506.457  0.7698760
506.586  0.7700523
506.714  0.7692282
506.842  0.7686988
506.971  0.7700493
507.099  0.7701008
507.228  0.7706736
507.357  0.7710549
507.485  0.7699500
507.614  0.7716178
507.743  0.7703251
507.872  0.7715735
508.001  0.7709603
508.130  0.7717130
508.259  0.7724971
508.388  0.7725716
508.518  0.7721352
508.647  0.7727904
508.776  0.7722017
508.906  0.7732797
509.035  0.7736190
509.165  0.7738186
509.295  0.7737989
509.424  0.7734043
509.554  0.7735358
509.684  0.7742956
509.814  0.7744380
509.944  0.7746552
510.074  0.7746231
510.204  0.7749562
510.334  0.7747042
510.465  0.7753183
510.595  0.7754800
510.725  0.7758402
510.856  0.7758367
510.986  0.7761439
511.117  0.7760674
511.247  0.7761644
511.378  0.7762394
511.509  0.7764561
511.640  0.7766426
511.771  0.7767842
511.902  0.7769560
512.033  0.7769442
512.164  0.7768797
512.295  0.7770449
512.426  0.7769768
512.558  0.7770730
512.689  0.7770937
512.821  0.7772320
512.952  0.7775294
513.084  0.7774140
513.215  0.7776986
513.347  0.7777986
513.479  0.7778664
513.611  0.7779322
513.743  0.7779758
513.875  0.7780216
514.007  0.7781115
514.139  0.7782093
514.271  0.7783176
514.403  0.7782951
514.536  0.7783394
514.668  0.7784186
514.800  0.7784920
514.933  0.7785326
515.066  0.7786381
515.198  0.7787233
515.331  0.7788031
515.464  0.7788838
515.597  0.7789685
515.730  0.7789955
515.863  0.7790266
515.996  0.7790858
516.129  0.7791666
516.262  0.7792867
516.396  0.7793010
516.529  0.7793449
516.662  0.7794420
516.796  0.7795730
516.929  0.7796390
517.063  0.7797507
517.197  0.7798116
517.331  0.7798047
517.464  0.7798725
517.598  0.7799702
517.732  0.7800356
517.866  0.7799727
518.001  0.7799928
518.135  0.7800322
518.269  0.7800025
518.403  0.7799606
518.538  0.7799259
518.672  0.7800164
518.807  0.7800430
518.941  0.7801435
519.076  0.7803208
519.211  0.7803960
519.346  0.7804101
519.481  0.7803986
519.615  0.7804158
519.751  0.7804769
519.886  0.7804981
520.021  0.7805991
520.156  0.7805830
520.291  0.7805308
520.427  0.7805413
520.562  0.7806130
520.698  0.7806747
520.833  0.7806913
520.969  0.7806966
521.105  0.7807111
521.241  0.7807210
521.376  0.7808079
521.512  0.7807825
521.648  0.7807284
521.784  0.7807642
521.921  0.7807684
522.057  0.7806936
522.193  0.7806799
522.330  0.7806649
522.466  0.7806252
522.603  0.7805395
522.739  0.7804424
522.876  0.7804074
523.013  0.7803515
523.149  0.7802114
523.286  0.7801729
523.423  0.7800680
523.560  0.7801500
523.697  0.7800505
523.834  0.7799412
523.972  0.7798594
524.109  0.7795440
524.246  0.7795659
524.384  0.7794560
524.521  0.7793310
524.659  0.7791414
524.797  0.7790751
524.934  0.7789499
525.072  0.7788642
525.210  0.7784963
525.348  0.7783560
525.486  0.7782099
525.624  0.7781576
525.762  0.7780683
525.901  0.7780873
526.039  0.7780420
526.177  0.7778761
526.316  0.7776903
526.454  0.7776197
526.593  0.7774487
526.732  0.7772649
526.870  0.7772254
527.009  0.7772319
527.148  0.7772524
527.287  0.7771619
527.426  0.7771220
527.565  0.7770039
527.704  0.7768985
527.844  0.7767133
527.983  0.7765878
528.123  0.7765801
528.262  0.7764868
528.402  0.7764295
528.541  0.7762244
528.681  0.7762647
528.821  0.7762187
528.961  0.7760570
529.101  0.7760789
529.241  0.7759446
529.381  0.7759675
529.521  0.7758635
529.661  0.7758166
529.801  0.7757316
529.942  0.7756961
530.082  0.7756818
530.223  0.7756103
530.363  0.7755820
530.504  0.7755180
530.645  0.7754862
530.786  0.7754403
530.926  0.7754517
531.067  0.7753996
531.208  0.7753925
531.350  0.7754315
531.491  0.7753949
531.632  0.7753699
531.773  0.7753954
531.915  0.7753749
532.056  0.7753983
532.198  0.7754163
532.340  0.7754352
532.481  0.7754581
532.623  0.7755270
532.765  0.7755939
532.907  0.7756884
533.049  0.7757532
533.191  0.7757995
533.333  0.7759012
533.476  0.7760401
533.618  0.7761349
533.760  0.7762473
533.903  0.7763267
534.045  0.7764003
534.188  0.7765611
534.331  0.7766491
534.474  0.7767648
534.616  0.7769485
534.759  0.7770615
534.902  0.7771785
535.046  0.7773714
535.189  0.7775563
535.332  0.7777016
535.475  0.7778487
535.619  0.7780166
535.762  0.7781483
535.906  0.7782885
536.049  0.7783780
536.193  0.7784590
536.337  0.7786186
536.481  0.7787100
536.625  0.7788577
536.769  0.7790060
536.913  0.7791521
537.057  0.7792475
537.201  0.7793157
537.346  0.7794017
537.490  0.7795003
537.634  0.7795804
537.779  0.7795938
537.924  0.7796629
538.068  0.7796509
538.213  0.7796234
538.358  0.7796367
538.503  0.7796340
538.648  0.7797613
538.793  0.7796721
538.938  0.7797638
539.084  0.7797969
539.229  0.7797645
539.374  0.7798501
539.520  0.7800084
539.665  0.7799267
539.811  0.7798331
539.957  0.7796257
540.103  0.7800935
540.249  0.7800681
540.394  0.7797007
540.541  0.7801089
540.687  0.7799093
540.833  0.7795726
540.979  0.7793573
541.126  0.7790614
541.272  0.7798973
541.419  0.7790401
541.565  0.7787293
541.712  0.7794328
541.859  0.7793923
542.005  0.7792838
542.152  0.7786138
542.299  0.7792735
542.446  0.7787810
542.594  0.7793042
542.741  0.7793101
542.888  0.7791795
543.036  0.7789474
543.183  0.7791439
543.331  0.7790739
543.478  0.7790344
543.626  0.7786895
543.774  0.7784869
543.922  0.7787205
544.070  0.7789796
544.218  0.7791432
544.366  0.7789682
544.514  0.7788008
544.662  0.7790990
544.811  0.7789524
544.959  0.7786065
545.108  0.7783566
545.256  0.7789994
545.405  0.7789183
545.554  0.7791524
545.703  0.7787209
545.852  0.7784121
546.001  0.7789881
546.150  0.7786480
546.299  0.7790152
546.448  0.7785071
546.597  0.7792409
546.747  0.7793237
546.896  0.7790460
547.046  0.7795606
547.196  0.7789646
547.345  0.7795392
547.495  0.7792252
547.645  0.7795757
547.795  0.7793474
547.945  0.7792348
548.095  0.7795699
548.246  0.7794655
548.396  0.7797544
548.546  0.7797094
548.697  0.7798171
548.847  0.7796752
548.998  0.7799447
549.149  0.7798746
549.300  0.7799505
549.451  0.7801052
549.602  0.7800329
549.753  0.7801915
549.904  0.7802462
550.055  0.7802786
550.206  0.7804293
550.358  0.7803729
550.509  0.7805167
550.661  0.7805624
550.812  0.7805949
550.964  0.7806186
551.116  0.7806732
551.268  0.7807282
551.420  0.7807969
551.572  0.7807487
551.724  0.7807588
551.876  0.7808436
552.029  0.7808848
552.181  0.7808247
552.334  0.7807389
552.486  0.7807979
552.639  0.7807917
552.792  0.7808091
552.944  0.7807048
553.097  0.7807228
553.250  0.7807210
553.403  0.7808107
553.557  0.7808678
553.710  0.7808479
553.863  0.7808082
554.017  0.7808336
554.170  0.7808023
554.324  0.7808065
554.477  0.7807917
554.631  0.7808057
554.785  0.7808069
554.939  0.7808166
555.093  0.7807678
555.247  0.7807143
555.401  0.7806726
555.556  0.7806519
555.710  0.7806338
555.864  0.7805793
556.019  0.7805537
556.174  0.7804509
556.328  0.7803497
556.483  0.7802641
556.638  0.7801783
556.793  0.7801282
556.948  0.7800274
557.103  0.7799456
557.258  0.7798557
557.414  0.7797415
557.569  0.7796468
557.724  0.7795300
557.880  0.7794205
558.036  0.7792739
558.191  0.7791355
558.347  0.7790237
558.503  0.7789278
558.659  0.7787751
558.815  0.7786608
558.971  0.7785430
559.128  0.7784321
559.284  0.7782843
559.441  0.7781118
559.597  0.7779766
559.754  0.7779317
559.910  0.7777472
560.067  0.7775831
560.224  0.7773978
560.381  0.7772285
560.538  0.7770991
560.695  0.7769352
560.852  0.7768085
561.010  0.7765563
561.167  0.7764263
561.325  0.7763144
561.482  0.7761477
561.640  0.7759864
561.798  0.7758496
561.956  0.7757074
562.114  0.7755749
562.272  0.7754309
562.430  0.7752572
562.588  0.7750828
562.746  0.7749780
562.905  0.7747752
563.063  0.7746900
563.222  0.7745663
563.380  0.7743164
563.539  0.7741898
563.698  0.7740560
563.857  0.7740469
564.016  0.7739696
564.175  0.7738543
564.334  0.7736636
564.493  0.7736142
564.653  0.7735586
564.812  0.7735462
564.972  0.7735182
565.131  0.7734418
565.291  0.7734233
565.451  0.7733553
565.611  0.7732639
565.771  0.7733101
565.931  0.7733373
566.091  0.7732949
566.251  0.7732977
566.412  0.7731666
566.572  0.7732124
566.733  0.7729904
566.893  0.7729962
567.054  0.7730732
567.215  0.7729216
567.376  0.7728083
567.537  0.7724585
567.698  0.7726230
567.859  0.7724292
568.020  0.7726047
568.182  0.7720299
568.343  0.7717288
568.505  0.7711160
568.666  0.7714285
568.828  0.7706546
568.990  0.7715843
569.152  0.7697788
569.314  0.7721914
569.476  0.7697915
569.638  0.7718944
569.801  0.7712475
569.963  0.7700313
570.125  0.7705451
570.288  0.7705704
570.451  0.7714416
570.613  0.7714354
570.776  0.7713166
570.939  0.7716038
571.102  0.7716523
571.265  0.7709587
571.429  0.7716143
571.592  0.7710685
571.755  0.7715702
571.919  0.7704607
572.082  0.7698391
572.246  0.7710273
572.410  0.7706186
572.574  0.7711727
572.738  0.7717847
572.902  0.7708684
573.066  0.7700037
573.230  0.7718491
573.394  0.7716743
573.559  0.7720559
573.724  0.7718169
573.888  0.7709519
574.053  0.7721610
574.218  0.7725122
574.383  0.7718348
574.548  0.7725719
574.713  0.7710188
574.878  0.7725408
575.043  0.7731316
575.208  0.7732214
575.374  0.7728735
575.540  0.7729965
575.705  0.7736318
575.871  0.7739116
576.037  0.7737581
576.203  0.7742993
576.369  0.7741926
576.535  0.7743808
576.701  0.7751066
576.868  0.7748680
577.034  0.7751599
577.201  0.7754586
577.367  0.7751379
577.534  0.7756828
577.701  0.7760274
577.868  0.7763908
578.035  0.7766702
578.202  0.7769004
578.369  0.7768895
578.536  0.7772603
578.704  0.7773964
578.871  0.7776126
579.039  0.7778265
579.206  0.7781044
579.374  0.7784062
579.542  0.7785480
579.710  0.7788813
579.878  0.7790143
580.046  0.7793140
580.215  0.7795490
580.383  0.7798050
580.552  0.7800418
580.720  0.7801213
580.889  0.7805575
581.058  0.7808209
581.226  0.7810641
581.395  0.7812962
581.564  0.7813945
581.734  0.7816585
581.903  0.7818794
582.072  0.7821551
582.242  0.7823110
582.411  0.7824071
582.581  0.7827646
582.751  0.7830098
582.920  0.7829554
583.090  0.7832711
583.260  0.7834975
583.431  0.7836312
583.601  0.7837582
583.771  0.7840493
583.942  0.7840782
584.112  0.7843183
584.283  0.7844378
584.454  0.7844517
584.624  0.7847882
584.795  0.7847294
584.966  0.7849262
585.138  0.7852197
585.309  0.7848631
585.480  0.7855421
585.651  0.7853860
585.823  0.7858110
585.995  0.7857008
586.167  0.7855263
586.338  0.7854728
586.510  0.7861306
586.682  0.7853679
586.854  0.7858957
587.027  0.7862876
587.199  0.7852060
587.372  0.7859823
587.544  0.7862061
587.717  0.7843821
587.889  0.7856425
588.062  0.7847059
588.235  0.7840557
588.408  0.7832819
588.581  0.7832384
588.755  0.7799461
588.928  0.7798296
589.102  0.7782934
589.275  0.7800725
589.449  0.7802541
589.623  0.7841426
589.797  0.7821226
589.971  0.7796695
590.145  0.7761648
590.319  0.7775323
590.493  0.7838773
590.667  0.7846661
590.842  0.7846807
591.017  0.7814773
591.191  0.7807343
591.366  0.7846667
591.541  0.7822562
591.716  0.7812812
591.891  0.7842289
592.066  0.7697067
592.242  0.7833406
592.417  0.7819904
592.593  0.7735977
592.768  0.7857342
592.944  0.7834561
593.120  0.7848653
593.296  0.7806005
593.472  0.7824785
593.648  0.7845624
593.824  0.7837557
594.001  0.7836475
594.177  0.7816807
594.354  0.7663622
594.530  0.7827799
594.707  0.7745011
594.884  0.7783889
595.061  0.7765528
595.238  0.7806085
595.415  0.7840704
595.593  0.7818828
595.770  0.7817376
595.948  0.7771951
596.125  0.7820097
596.303  0.7824198
596.481  0.7820414
596.659  0.7824428
596.837  0.7785950
597.015  0.7757377
597.193  0.7809320
597.372  0.7796641
597.550  0.7819461
597.729  0.7784705
597.907  0.7768400
598.086  0.7813226
598.265  0.7798861
598.444  0.7809088
598.623  0.7795786
598.802  0.7803992
598.982  0.7799167
599.161  0.7780703
599.341  0.7798082
599.520  0.7803220
599.700  0.7799974
599.880  0.7797928
600.060  0.7795105
600.240  0.7802302
600.420  0.7800200
600.601  0.7800068
600.781  0.7804811
600.962  0.7805651
601.142  0.7804967
601.323  0.7805339
601.504  0.7807875
601.685  0.7799744
601.866  0.7809630
602.047  0.7808979
602.228  0.7811368
602.410  0.7812324
602.591  0.7812562
602.773  0.7814614
602.954  0.7815429
603.136  0.7818235
603.318  0.7819425
603.500  0.7822229
603.682  0.7823988
603.865  0.7825690
604.047  0.7828263
604.230  0.7829584
604.412  0.7832619
604.595  0.7834802
604.778  0.7837043
604.961  0.7839027
605.144  0.7841139
605.327  0.7843963
605.510  0.7846719
605.694  0.7849466
605.877  0.7851905
606.061  0.7855411
606.244  0.7858229
606.428  0.7861757
606.612  0.7864778
606.796  0.7867807
606.980  0.7871105
607.165  0.7874821
607.349  0.7878059
607.533  0.7881480
607.718  0.7884103
607.903  0.7887620
608.088  0.7891103
608.273  0.7894547
608.458  0.7898430
608.643  0.7902047
608.828  0.7905559
609.013  0.7908812
609.199  0.7912923
609.385  0.7917097
609.570  0.7920393
609.756  0.7924346
609.942  0.7927954
610.128  0.7931897
610.314  0.7935507
610.501  0.7939623
610.687  0.7943052
610.874  0.7946405
611.060  0.7950115
611.247  0.7953454
611.434  0.7956979
611.621  0.7960553
611.808  0.7963947
611.995  0.7967698
612.182  0.7970635
612.370  0.7974522
612.557  0.7977231
612.745  0.7980547
612.933  0.7984916
613.121  0.7988962
613.309  0.7992560
613.497  0.7996042
613.685  0.7999426
613.874  0.8002699
614.062  0.8006481
614.251  0.8009609
614.439  0.8012751
614.628  0.8016375
614.817  0.8019821
615.006  0.8022796
615.195  0.8026241
615.385  0.8028993
615.574  0.8032301
615.764  0.8035399
615.953  0.8038432
616.143  0.8041747
616.333  0.8044480
616.523  0.8047738
616.713  0.8050294
616.903  0.8053924
617.094  0.8056995
617.284  0.8059905
617.475  0.8063296
617.665  0.8066019
617.856  0.8069021
618.047  0.8072107
618.238  0.8075118
618.429  0.8078106
618.620  0.8081000
618.812  0.8083753
619.003  0.8086488
619.195  0.8089435
619.387  0.8091548
619.579  0.8094097
619.771  0.8096860
619.963  0.8099225
620.155  0.8101703
620.347  0.8103616
620.540  0.8106551
620.732  0.8108639
620.925  0.8111652
621.118  0.8114028
621.311  0.8116990
621.504  0.8119977
621.697  0.8122150
621.891  0.8125205
622.084  0.8127567
622.278  0.8130108
622.471  0.8132125
622.665  0.8134364
622.859  0.8137278
623.053  0.8139266
623.247  0.8141835
623.441  0.8144225
623.636  0.8146340
623.830  0.8149166
624.025  0.8151552
624.220  0.8153600
624.415  0.8156380
624.610  0.8158693
624.805  0.8160698
625.000  0.8163528
625.195  0.8165680
625.391  0.8169341
625.586  0.8172206
625.782  0.8173571
625.978  0.8175802
626.174  0.8179827
626.370  0.8175944
626.566  0.8181155
626.763  0.8185384
626.959  0.8180750
627.156  0.8189514
627.353  0.8183351
627.549  0.8196605
627.746  0.8189837
627.943  0.7479777
628.141  0.7655087
628.338  0.7944843
628.536  0.8017550
628.733  0.8194875
628.931  0.8148015
629.129  0.8027124
629.327  0.8109051
629.525  0.8082716
629.723  0.7961529
629.921  0.8117135
630.120  0.8093862
630.318  0.8136190
630.517  0.8131874
630.716  0.8158550
630.915  0.8156011
631.114  0.8181335
631.313  0.8188821
631.512  0.8210390
631.712  0.8201240
631.911  0.8244276
632.111  0.8199643
632.311  0.8258637
632.511  0.8237172
632.711  0.8254944
632.911  0.8269279
633.112  0.8255555
633.312  0.8270182
633.513  0.8274187
633.714  0.8278020
633.914  0.8286306
634.115  0.8288049
634.317  0.8279447
634.518  0.8294935
634.719  0.8297510
634.921  0.8289607
635.122  0.8305053
635.324  0.8297064
635.526  0.8310810
635.728  0.8310560
635.930  0.8313751
636.132  0.8315121
636.335  0.8315444
636.537  0.8324906
636.740  0.8328558
636.943  0.8327537
637.146  0.8332830
637.349  0.8329356
637.552  0.8338491
637.755  0.8343797
637.958  0.8348020
638.162  0.8349115
638.366  0.8350704
638.570  0.8354947
638.774  0.8358723
638.978  0.8361713
639.182  0.8362448
639.386  0.8367095
639.591  0.8371113
639.795  0.8374244
640.000  0.8376087
640.205  0.8379746
640.410  0.8382013
640.615  0.8386111
640.820  0.8389526
641.026  0.8387811
641.231  0.8394595
641.437  0.8398542
641.643  0.8399965
641.849  0.8401179
642.055  0.8404898
642.261  0.8409541
642.467  0.8411948
642.673  0.8409401
642.880  0.8418259
643.087  0.8420286
643.294  0.8421610
643.501  0.8418392
643.708  0.8425284
643.915  0.8432670
644.122  0.8428930
644.330  0.8435779
644.538  0.8432949
644.745  0.8437146
644.953  0.8437504
645.161  0.8443628
645.369  0.8447452
645.578  0.8436355
645.786  0.8448225
645.995  0.8438339
646.204  0.8435932
646.412  0.8445876
646.621  0.8432924
646.831  0.8435652
647.040  0.8420715
647.249  0.8450042
647.459  0.8416534
647.668  0.8369054
647.878  0.8439992
648.088  0.8406346
648.298  0.8467808
648.508  0.8389202
648.719  0.8453626
648.929  0.8442456
649.140  0.8475962
649.351  0.8437128
649.562  0.8431787
649.773  0.8441270
649.984  0.8477907
650.195  0.8505038
650.406  0.8496211
650.618  0.8488399
650.830  0.8512445
651.042  0.8485085
651.254  0.8516687
651.466  0.8485600
651.678  0.8430418
651.890  0.8385444
652.103  0.8480852
652.316  0.8518629
652.529  0.8481167
652.742  0.8531518
652.955  0.8534562
653.168  0.8529429
653.381  0.8502645
653.595  0.8512020
653.808  0.8528333
654.022  0.8548330
654.236  0.8547064
654.450  0.8532105
654.664  0.8488255
654.879  0.8537211
655.093  0.8515489
655.308  0.8558111
655.523  0.8498469
655.738  0.8559696
655.953  0.8529797
656.168  0.8558839
656.383  0.8559137
656.599  0.8528641
656.814  0.8578201
657.030  0.8562775
657.246  0.8578448
657.462  0.8553636
657.678  0.8544033
657.895  0.8590999
658.111  0.8593064
658.328  0.8585907
658.545  0.8589813
658.761  0.8574465
658.979  0.8598865
659.196  0.8607444
659.413  0.8608248
659.631  0.8604041
659.848  0.8611625
660.066  0.8604341
660.284  0.8616424
660.502  0.8615068
660.720  0.8620481
660.939  0.8627136
661.157  0.8628445
661.376  0.8624225
661.594  0.8634660
661.813  0.8634972
662.032  0.8638584
662.252  0.8640367
662.471  0.8641732
662.690  0.8646319
662.910  0.8644235
663.130  0.8649447
663.350  0.8650681
663.570  0.8652898
663.790  0.8657848
664.011  0.8659125
664.231  0.8661584
664.452  0.8660412
664.673  0.8665792
664.894  0.8669529
665.115  0.8670026
665.336  0.8674390
665.557  0.8676343
665.779  0.8679080
666.001  0.8682241
666.223  0.8683193
666.445  0.8685674
666.667  0.8688012
666.889  0.8692314
667.111  0.8694814
667.334  0.8695936
667.557  0.8699809
667.780  0.8702616
668.003  0.8704857
668.226  0.8707492
668.449  0.8709237
668.673  0.8712485
668.896  0.8714838
669.120  0.8717324
669.344  0.8719924
669.568  0.8722270
669.792  0.8724592
670.017  0.8726953
670.241  0.8729504
670.466  0.8731919
670.691  0.8734574
670.916  0.8736739
671.141  0.8739103
671.366  0.8741587
671.592  0.8744089
671.817  0.8746521
672.043  0.8748989
672.269  0.8751332
672.495  0.8753657
672.721  0.8756244
672.948  0.8758608
673.174  0.8760848
673.401  0.8762809
673.628  0.8765205
673.854  0.8767868
674.082  0.8769827
674.309  0.8771996
674.536  0.8774019
674.764  0.8776244
674.992  0.8778293
675.219  0.8780560
675.447  0.8782863
675.676  0.8784883
675.904  0.8787015
676.133  0.8789383
676.361  0.8791582
676.590  0.8793631
676.819  0.8795954
677.048  0.8798082
677.277  0.8800210
677.507  0.8802254
677.736  0.8804491
677.966  0.8806686
678.196  0.8808652
678.426  0.8810721
678.656  0.8812574
678.887  0.8814345
679.117  0.8816291
679.348  0.8818173
679.579  0.8820034
679.810  0.8821822
680.041  0.8823765
680.272  0.8824952
680.504  0.8826533
680.735  0.8828991
680.967  0.8829783
681.199  0.8832182
681.431  0.8833769
681.663  0.8834453
681.896  0.8836322
682.128  0.8839239
682.361  0.8840115
682.594  0.8839476
682.827  0.8843113
683.060  0.8844206
683.293  0.8847137
683.527  0.8847483
683.761  0.8850594
683.995  0.8849197
684.229  0.8852492
684.463  0.8851627
684.697  0.8854763
684.932  0.8857587
685.166  0.8861035
685.401  0.8861395
685.636  0.8861009
685.871  0.8865222
686.106  0.8865048
686.342  0.8864262
686.577  0.8859475
686.813  0.8604862
687.049  0.5407067
687.285  0.5902323
687.521  0.6072793
687.758  0.6257174
687.995  0.7149865
688.231  0.8322947
688.468  0.8193111
688.705  0.7816915
688.943  0.7644022
689.180  0.6871792
689.417  0.6981037
689.655  0.8701283
689.893  0.7013078
690.131  0.8113495
690.369  0.8065024
690.608  0.7329269
690.846  0.8810265
691.085  0.7614283
691.324  0.8852161
691.563  0.7721487
691.802  0.8875965
692.042  0.8013865
692.281  0.8886880
692.521  0.8235123
692.761  0.8862127
693.001  0.8700382
693.241  0.8619373
693.481  0.8781121
693.722  0.8703675
693.963  0.8812407
694.203  0.8590650
694.444  0.8797590
694.686  0.8829104
694.927  0.8713765
695.169  0.8795542
695.410  0.8908503
695.652  0.8842407
695.894  0.8708161
696.136  0.8829366
696.379  0.8801423
696.621  0.8897500
696.864  0.8956530
697.107  0.8958910
697.350  0.8908700
697.593  0.8951065
697.837  0.8920328
698.080  0.8950555
698.324  0.8919246
698.568  0.8948589
698.812  0.8851305
699.056  0.8812027
699.301  0.8894314
699.545  0.8811943
699.790  0.8973593
700.035  0.8810039
700.280  0.8970043
700.525  0.8920298
700.771  0.8799763
701.016  0.8943621
701.262  0.8875146
701.508  0.8968384
701.754  0.8800520
702.001  0.8960256
702.247  0.8929222
702.494  0.8874685
702.741  0.8957896
702.988  0.8797416
703.235  0.8989170
703.482  0.9000943
703.730  0.9001700
703.977  0.8924076
704.225  0.8895357
704.473  0.8979266
704.722  0.8997951
704.970  0.8971081
705.219  0.8939477
705.467  0.8931286
705.716  0.8993597
705.965  0.8948044
706.215  0.8991442
706.464  0.8977299
706.714  0.8968362
706.964  0.8992258
707.214  0.9013441
707.464  0.8989452
707.714  0.8998000
707.965  0.8971036
708.215  0.8996138
708.466  0.9022648
708.717  0.9012790
708.968  0.8997623
709.220  0.9009535
709.471  0.9025629
709.723  0.9011386
709.975  0.9010561
710.227  0.9008559
710.480  0.9013439
710.732  0.9004361
710.985  0.9027814
711.238  0.9020302
711.491  0.9027977
711.744  0.9033340
711.997  0.9024032
712.251  0.9033414
712.504  0.9030641
712.758  0.9039533
713.012  0.9014579
713.267  0.9015016
713.521  0.9034133
713.776  0.9048229
714.031  0.9013436
714.286  0.9028952
714.541  0.9027039
714.796  0.9031319
715.052  0.8997096
715.308  0.8994333
715.564  0.9034641
715.820  0.9019629
716.076  0.8994267
716.332  0.9020291
716.589  0.8961390
716.846  0.8889911
717.103  0.8708869
717.360  0.8612569
717.617  0.8648055
717.875  0.8318531
718.133  0.8914343
718.391  0.8499945
718.649  0.8323414
718.907  0.7815097
719.166  0.8998274
719.424  0.8107683
719.683  0.8359159
719.942  0.8558408
720.202  0.8116613
720.461  0.8856635
720.721  0.7941963
720.981  0.9016856
721.241  0.8780369
721.501  0.9055196
721.761  0.8875069
722.022  0.8999815
722.282  0.9076917
722.543  0.8794081
722.805  0.9054970
723.066  0.8835505
723.327  0.8896392
723.589  0.7854787
723.851  0.8779438
724.113  0.8920308
724.375  0.8502687
724.638  0.8263245
724.900  0.8928646
725.163  0.8871474
725.426  0.8289994
725.689  0.8845812
725.953  0.8757889
726.216  0.8915360
726.480  0.8908147
726.744  0.8227621
727.008  0.9077066
727.273  0.8914806
727.537  0.8541441
727.802  0.8494367
728.067  0.8475515
728.332  0.8931623
728.597  0.9077470
728.863  0.8817318
729.129  0.8518145
729.395  0.8805766
729.661  0.8833199
729.927  0.9054273
730.193  0.8904049
730.460  0.8750866
730.727  0.8760906
730.994  0.9015569
731.261  0.8763644
731.529  0.8950216
731.797  0.8858127
732.064  0.8861217
732.332  0.9089354
732.601  0.9052615
732.869  0.9043169
733.138  0.9123700
733.407  0.9019070
733.676  0.8991289
733.945  0.9146667
734.214  0.9112711
734.484  0.9083752
734.754  0.9098935
735.024  0.9041532
735.294  0.9125272
735.565  0.9107095
735.835  0.9080950
736.106  0.9071521
736.377  0.9100174
736.648  0.9054197
736.920  0.9111399
737.191  0.9075056
737.463  0.9101725
737.735  0.9153704
738.007  0.9126105
738.280  0.9148643
738.552  0.9083279
738.825  0.9167893
739.098  0.9134439
739.372  0.9122979
739.645  0.9167352
739.919  0.9102302
740.192  0.9166204
740.466  0.9161473
740.741  0.9163482
741.015  0.9162660
741.290  0.9148200
741.565  0.9170416
741.840  0.9166664
742.115  0.9178263
742.391  0.9164009
742.666  0.9158073
742.942  0.9176859
743.218  0.9179626
743.494  0.9180327
743.771  0.9178125
744.048  0.9179324
744.325  0.9173715
744.602  0.9182287
744.879  0.9182665
745.156  0.9181963
745.434  0.9181755
745.712  0.9181183
745.990  0.9183927
746.269  0.9184742
746.547  0.9186745
746.826  0.9185962
747.105  0.9185907
747.384  0.9188672
747.664  0.9189788
747.943  0.9188788
748.223  0.9191336
748.503  0.9192472
748.783  0.9194454
749.064  0.9195436
749.344  0.9197034
749.625  0.9197815
749.906  0.9200738
750.188  0.9201948
750.469  0.9203330
750.751  0.9205374
751.033  0.9207666
751.315  0.9209376
751.597  0.9211412
751.880  0.9212147
752.162  0.9214999
752.445  0.9216564
752.729  0.9218668
753.012  0.9220107
753.296  0.9222251
753.579  0.9224035
753.864  0.9225504
754.148  0.9226711
754.432  0.9228674
754.717  0.9230162
755.002  0.9230746
755.287  0.9233397
755.572  0.9235222
755.858  0.9236734
756.144  0.9238143
756.430  0.9239476
756.716  0.9240796
757.002  0.9242106
757.289  0.9243320
757.576  0.9244532
757.863  0.9245722
758.150  0.9246578
758.438  0.9245370
758.725  0.9237906
759.013  0.9220323
759.301  0.9174470
759.590  0.6877009
759.878  0.3498203
760.167  0.2581027
760.456  0.2360536
760.746  0.2045418
761.035  0.2426519
761.325  0.3021279
761.615  0.3895820
761.905  0.7500949
762.195  0.6884245
762.486  0.5390248
762.776  0.4384995
763.068  0.4602416
763.359  0.3200842
763.650  0.5413766
763.942  0.5875302
764.234  0.3686573
764.526  0.6580779
764.818  0.6574899
765.111  0.5171231
765.404  0.8642615
765.697  0.5605523
765.990  0.8960306
766.284  0.6743761
766.577  0.8303090
766.871  0.8270558
767.165  0.8627318
767.460  0.8655878
767.754  0.8782650
768.049  0.8844573
768.344  0.8984677
768.640  0.8824117
768.935  0.9255623
769.231  0.8765563
769.527  0.9258571
769.823  0.9025101
770.119  0.9260295
770.416  0.9220823
770.713  0.9225612
771.010  0.9274541
771.307  0.9238599
771.605  0.9270001
771.903  0.9254066
772.201  0.9269577
772.499  0.9268860
772.798  0.9260662
773.096  0.9265538
773.395  0.9275924
773.694  0.9267358
773.994  0.9273506
774.293  0.9272776
774.593  0.9272061
774.893  0.9276068
775.194  0.9273378
775.494  0.9275852
775.795  0.9274547
776.096  0.9276037
776.398  0.9275543
776.699  0.9276551
777.001  0.9276310
777.303  0.9277042
777.605  0.9277147
777.907  0.9277128
778.210  0.9278019
778.513  0.9278738
778.816  0.9279171
779.120  0.9279827
779.423  0.9279531
779.727  0.9281176
780.031  0.9282440
780.336  0.9283531
780.640  0.9283711
780.945  0.9285814
781.250  0.9287004
781.555  0.9288061
781.861  0.9289454
782.167  0.9290314
782.473  0.9291690
782.779  0.9293678
783.085  0.9295283
783.392  0.9295755
783.699  0.9297996
784.006  0.9299844
784.314  0.9301218
784.621  0.9302775
784.929  0.9300914
785.238  0.9302380
785.546  0.9299497
785.855  0.9308571
786.164  0.9306371
786.473  0.9305770
786.782  0.9277462
787.092  0.9297207
787.402  0.9297089
787.712  0.9298217
788.022  0.9283616
788.333  0.9280338
788.644  0.9304156
788.955  0.9271951
789.266  0.9249248
789.578  0.9262736
789.889  0.9221945
790.201  0.9293344
790.514  0.9215734
790.826  0.9318088
791.139  0.9195284
791.452  0.9313464
791.766  0.9282684
792.079  0.9294315
792.393  0.9249083
792.707  0.9276436
793.021  0.9230579
793.336  0.9308535
793.651  0.9335982
793.966  0.9330055
794.281  0.9321697
794.597  0.9334682
794.913  0.9312944
795.229  0.9313259
795.545  0.9321631
795.862  0.9327851
796.178  0.9192223
796.495  0.9197400
796.813  0.9334721
797.130  0.9287985
797.448  0.9297789
797.766  0.9316800
798.085  0.9332786
798.403  0.9327430
798.722  0.9273524
799.041  0.9338183
799.361  0.9327993
799.680  0.9328507
800.000  0.9294809
800.320  0.9276230
800.641  0.9328203
800.961  0.9238408
801.282  0.9338973
801.603  0.9250423
801.925  0.9329966
802.246  0.9327173
802.568  0.9272261
802.890  0.9296658
803.213  0.9310146
803.536  0.9303534
803.859  0.9305985
804.182  0.9334055
804.505  0.9283283
804.829  0.9315742
805.153  0.9352161
805.477  0.9344259
805.802  0.9348510
806.127  0.9341564
806.452  0.9338102
806.777  0.9352662
807.102  0.9327153
807.428  0.9354956
807.754  0.9342254
808.081  0.9344881
808.407  0.9343617
808.734  0.9307523
809.061  0.9356995
809.389  0.9330316
809.717  0.9266415
810.045  0.9329189
810.373  0.9348185
810.701  0.9326099
811.030  0.9307630
811.359  0.9290660
811.688  0.9263131
812.018  0.9292818
812.348  0.9243173
812.678  0.9269706
813.008  0.9311251
813.339  0.9092955
813.670  0.8851545
814.001  0.9253714
814.332  0.8842779
814.664  0.9219061
814.996  0.8823417
815.328  0.8912535
815.661  0.8719254
815.993  0.8951138
816.327  0.8503929
816.660  0.8466706
816.993  0.9027813
817.327  0.8800481
817.661  0.9267026
817.996  0.7810883
818.331  0.8867000
818.666  0.9269830
819.001  0.8331534
819.336  0.9278162
819.672  0.8836389
820.008  0.8531124
820.345  0.9002795
820.681  0.9340888
821.018  0.9312622
821.355  0.9133046
821.693  0.9333863
822.030  0.9055594
822.368  0.9178654
822.707  0.8929369
823.045  0.7227758
823.384  0.8507595
823.723  0.8933219
824.063  0.9158653
824.402  0.9285152
824.742  0.8951903
825.082  0.9381161
825.423  0.9240130
825.764  0.8915840
826.105  0.9077186
826.446  0.9195594
826.788  0.9374680
827.130  0.9372933
827.472  0.9084782
827.815  0.8566441
828.157  0.9057132
828.500  0.8936289
828.844  0.9323560
829.187  0.8638306
829.531  0.9021144
829.876  0.9332689
830.220  0.9118635
830.565  0.8909439
830.910  0.9373305
831.255  0.9239749
831.601  0.9354549
831.947  0.8966211
832.293  0.8907681
832.639  0.9402015
832.986  0.9333050
833.333  0.9211058
833.681  0.9260391
834.028  0.9180280
834.376  0.9355418
834.725  0.9418036
835.073  0.9316642
835.422  0.9360745
835.771  0.9296581
836.120  0.9375348
836.470  0.9334085
836.820  0.9359715
837.170  0.9405266
837.521  0.9376732
837.872  0.9336158
838.223  0.9421415
838.574  0.9395021
838.926  0.9374392
839.278  0.9425301
839.631  0.9394725
839.983  0.9412267
840.336  0.9420176
840.689  0.9390389
841.043  0.9368939
841.397  0.9430075
841.751  0.9400720
842.105  0.9398818
842.460  0.9431367
842.815  0.9436887
843.170  0.9401308
843.526  0.9429138
843.882  0.9394399
844.238  0.9435538
844.595  0.9417964
844.951  0.9432400
845.309  0.9429258
845.666  0.9439715
846.024  0.9439274
846.382  0.9417465
846.740  0.9439615
847.099  0.9438001
847.458  0.9440335
847.817  0.9440384
848.176  0.9417859
848.536  0.9436945
848.896  0.9422472
849.257  0.9430577
849.618  0.9434424
849.979  0.9430629
850.340  0.9432476
850.702  0.9422074
851.064  0.9439186
851.426  0.9398818
851.789  0.9434802
852.152  0.9421064
852.515  0.9433841
852.878  0.9433531
853.242  0.9436112
853.606  0.9432053
853.971  0.9436382
854.336  0.9422872
854.701  0.9436679
855.066  0.9441257
855.432  0.9435786
855.798  0.9437816
856.164  0.9445790
856.531  0.9443606
856.898  0.9446978
857.265  0.9445309
857.633  0.9439233
858.001  0.9450669
858.369  0.9451178
858.738  0.9452511
859.107  0.9449237
859.476  0.9454852
859.845  0.9455796
860.215  0.9457286
860.585  0.9458199
860.956  0.9459490
861.326  0.9458553
861.698  0.9461270
862.069  0.9462009
862.441  0.9463132
862.813  0.9463829
863.185  0.9464855
863.558  0.9465687
863.931  0.9467474
864.304  0.9469016
864.678  0.9470452
865.052  0.9470936
865.426  0.9472017
865.801  0.9472388
866.176  0.9473185
866.551  0.9474687
866.927  0.9475472
867.303  0.9475950
867.679  0.9476918
868.056  0.9478496
868.432  0.9478746
868.810  0.9479671
869.187  0.9480742
869.565  0.9481227
869.943  0.9482060
870.322  0.9482722
870.701  0.9483377
871.080  0.9483630
871.460  0.9484822
871.840  0.9485540
872.220  0.9486240
872.600  0.9486926
872.981  0.9487589
873.362  0.9488222
873.744  0.9488846
874.126  0.9489455
874.508  0.9490049
874.891  0.9490600
875.273  0.9490412
875.657  0.9491711
876.040  0.9490876
876.424  0.9492095
876.808  0.9493293
877.193  0.9492882
877.578  0.9494299
877.963  0.9494763
878.349  0.9491133
878.735  0.9493868
879.121  0.9495151
879.508  0.9495171
879.894  0.9497033
880.282  0.9493856
880.669  0.9490677
881.057  0.9497420
881.446  0.9490956
881.834  0.9499044
882.223  0.9485358
882.613  0.9495300
883.002  0.9500186
883.392  0.9492304
883.783  0.9492731
884.173  0.9497364
884.564  0.9501559
884.956  0.9496918
885.347  0.9493390
885.740  0.9501728
886.132  0.9456356
886.525  0.9502993
886.918  0.9485002
887.311  0.9496246
887.705  0.9504195
888.099  0.9456203
888.494  0.9494286
888.889  0.9504156
889.284  0.9505023
889.680  0.9496277
890.076  0.9483212
890.472  0.9487900
890.869  0.9494333
891.266  0.9500433
891.663  0.9499875
892.061  0.9440861
892.459  0.9503961
892.857  0.9484401
893.256  0.9320122
893.655  0.9387161
894.055  0.9501734
894.454  0.9345553
894.855  0.9313619
895.255  0.9313674
895.656  0.8843225
896.057  0.9343302
896.459  0.8709293
896.861  0.8833203
897.263  0.8824216
897.666  0.8934375
898.069  0.9357344
898.473  0.8781273
898.876  0.8092391
899.281  0.7398479
899.685  0.9345259
900.090  0.8762975
900.495  0.8288159
900.901  0.8818290
901.307  0.8623191
901.713  0.8938688
902.120  0.8585709
902.527  0.8627340
902.935  0.8569639
903.342  0.8950362
903.751  0.9453357
904.159  0.9370763
904.568  0.9110088
904.977  0.9376552
905.387  0.8975524
905.797  0.9468832
906.208  0.9106391
906.618  0.8924624
907.029  0.8684182
907.441  0.8389470
907.853  0.9099659
908.265  0.8000477
908.678  0.9374915
909.091  0.8208833
909.504  0.8848519
909.918  0.9101392
910.332  0.8433675
910.747  0.8788051
911.162  0.8848094
911.577  0.9441159
911.993  0.7918732
912.409  0.9444394
912.825  0.9122200
913.242  0.8102966
913.659  0.8442542
914.077  0.8593355
914.495  0.9177047
914.913  0.9332234
915.332  0.8557440
915.751  0.7677307
916.170  0.9069060
916.590  0.9303618
917.011  0.9051755
917.431  0.9107240
917.852  0.7908334
918.274  0.9163313
918.695  0.8741529
919.118  0.9425938
919.540  0.9249625
919.963  0.8862617
920.387  0.9518139
920.810  0.9300009
921.234  0.9342300
921.659  0.9040051
922.084  0.9156507
922.509  0.9424732
922.935  0.9223475
923.361  0.9272013
923.788  0.9231685
924.214  0.9153530
924.642  0.9158728
925.069  0.9138886
925.497  0.9097935
925.926  0.9458091
926.355  0.8953385
926.784  0.9450499
927.214  0.9388049
927.644  0.9106169
928.074  0.8247981
928.505  0.9242081
928.936  0.8394851
929.368  0.8829711
929.800  0.8443052
930.233  0.7613084
930.665  0.8359612
931.099  0.6480348
931.532  0.8679977
931.966  0.5006651
932.401  0.7260955
932.836  0.5232944
933.271  0.7663644
933.707  0.5314571
934.143  0.5741031
934.579  0.3582249
935.016  0.7112277
935.454  0.6995291
935.891  0.4562400
936.330  0.7091289
936.768  0.5889754
937.207  0.4956014
937.646  0.7703668
938.086  0.5595414
938.526  0.6349970
938.967  0.6773345
939.408  0.8703570
939.850  0.8830026
940.291  0.6943960
940.734  0.7973943
941.176  0.6887406
941.620  0.8643819
942.063  0.7486361
942.507  0.7813058
942.951  0.4708843
943.396  0.7618700
943.841  0.7858911
944.287  0.4627367
944.733  0.6611225
945.180  0.8239939
945.627  0.7127475
946.074  0.6019597
946.522  0.6976393
946.970  0.7652502
947.418  0.7745072
947.867  0.7277070
948.317  0.4939295
948.767  0.8471907
949.217  0.8907205
949.668  0.6272799
950.119  0.6404184
950.570  0.7047824
951.022  0.8791903
951.475  0.8590415
951.928  0.6798244
952.381  0.5832258
952.835  0.7633202
953.289  0.7565451
953.743  0.7644158
954.198  0.8123937
954.654  0.6775541
955.110  0.8486129
955.566  0.7164698
956.023  0.7137706
956.480  0.8095356
956.938  0.6485191
957.396  0.8352999
957.854  0.9006832
958.313  0.6977286
958.773  0.8795628
959.233  0.6766749
959.693  0.7692781
960.154  0.8001681
960.615  0.8141412
961.076  0.8149745
961.538  0.8723255
962.001  0.8618273
962.464  0.7278774
962.927  0.7896745
963.391  0.9335064
963.855  0.7684791
964.320  0.8930389
964.785  0.7817176
965.251  0.9066683
965.717  0.8881835
966.184  0.8569042
966.651  0.7835041
967.118  0.8345140
967.586  0.9518878
968.054  0.9487364
968.523  0.8504247
968.992  0.9413083
969.462  0.9294024
969.932  0.9381653
970.403  0.8762189
970.874  0.9524225
971.345  0.9279614
971.817  0.8817396
972.290  0.9533258
972.763  0.8794992
973.236  0.9240807
973.710  0.8647328
974.184  0.9255346
974.659  0.8570610
975.134  0.8760530
975.610  0.8974388
976.086  0.8613230
976.562  0.8837426
977.040  0.9252569
977.517  0.9323135
977.995  0.9137381
978.474  0.8915821
978.953  0.9396011
979.432  0.8671213
979.912  0.9504510
980.392  0.8738717
980.873  0.9551461
981.354  0.9514045
981.836  0.9332841
982.318  0.9518816
982.801  0.9155967
983.284  0.9422761
983.768  0.9566748
984.252  0.9568356
984.737  0.9412604
985.222  0.9384896
985.707  0.9577157
986.193  0.9578867
986.680  0.9590986
987.167  0.9536259
987.654  0.9516034
988.142  0.9581700
988.631  0.9601209
989.120  0.9587270
989.609  0.9589962
990.099  0.9540039
990.589  0.9590465
991.080  0.9584940
991.572  0.9593145
992.063  0.9592404
992.556  0.9603934
993.049  0.9552651
993.542  0.9601789
994.036  0.9606486
994.530  0.9606646
995.025  0.9611562
995.520  0.9606725
996.016  0.9606609
996.512  0.9615261
997.009  0.9605670
997.506  0.9616711
998.004  0.9604948
998.502  0.9610971
999.001  0.9614334
999.500  0.9602705
1000.000  0.9603666
1000.500  0.9620391
1001.001  0.9621884
1001.502  0.9607904
1002.004  0.9556733
1002.506  0.9592769
1003.009  0.9621070
1003.512  0.9622958
1004.016  0.9600969
1004.520  0.9611104
1005.025  0.9619203
1005.530  0.9606750
1006.036  0.9619373
1006.543  0.9618403
1007.049  0.9617450
1007.557  0.9623715
1008.065  0.9603801
1008.573  0.9620617
1009.082  0.9597328
1009.591  0.9573278
1010.101  0.9607074
1010.611  0.9621821
1011.122  0.9626743
1011.634  0.9621878
1012.146  0.9606061
1012.658  0.9629018
1013.171  0.9622185
1013.685  0.9631651
1014.199  0.9622911
1014.713  0.9619545
1015.228  0.9632427
1015.744  0.9615292
1016.260  0.9633365
1016.777  0.9623860
1017.294  0.9623620
1017.812  0.9631711
1018.330  0.9634630
1018.849  0.9632239
1019.368  0.9596747
1019.888  0.9635417
1020.408  0.9627463
1020.929  0.9635668
1021.450  0.9630615
1021.972  0.9625148
1022.495  0.9636994
1023.018  0.9620145
1023.541  0.9624994
1024.066  0.9601195
1024.590  0.9638102
1025.115  0.9632613
1025.641  0.9631046
1026.167  0.9632731
1026.694  0.9639177
1027.221  0.9629960
1027.749  0.9625884
1028.278  0.9639753
1028.807  0.9628622
1029.336  0.9637494
1029.866  0.9637920
1030.397  0.9640809
1030.928  0.9638567
1031.460  0.9636056
1031.992  0.9640767
1032.524  0.9641541
1033.058  0.9641633
1033.592  0.9638080
1034.126  0.9641898
1034.661  0.9641993
1035.197  0.9642065
1035.733  0.9641397
1036.269  0.9640787
1036.807  0.9638561
1037.344  0.9638812
1037.883  0.9641044
1038.422  0.9641020
1038.961  0.9640476
1039.501  0.9640602
1040.042  0.9640492
1040.583  0.9639642
1041.125  0.9640426
1041.667  0.9640656
1042.209  0.9640643
1042.753  0.9640236
1043.297  0.9639903
1043.841  0.9639506
1044.386  0.9638899
1044.932  0.9638131
1045.478  0.9637206
1046.025  0.9636339
1046.572  0.9635641
1047.120  0.9634919
1047.669  0.9633947
1048.218  0.9632764
1048.768  0.9631382
1049.318  0.9619017
1049.869  0.9618917
1050.420  0.9623070
1050.972  0.9622942
1051.525  0.9617554
1052.078  0.9615495
1052.632  0.9610959
1053.186  0.9609819
1053.741  0.9606576
1054.296  0.9603222
1054.852  0.9597606
1055.409  0.9592555
1055.966  0.9586273
1056.524  0.9580233
1057.082  0.9572916
1057.641  0.9566038
1058.201  0.9558612
1058.761  0.9551873
1059.322  0.9545872
1059.883  0.9541456
1060.445  0.9539532
1061.008  0.9534472
1061.571  0.9533836
1062.135  0.9525463
1062.699  0.9522837
1063.264  0.9515926
1063.830  0.9512425
1064.396  0.9503988
1064.963  0.9496915
1065.530  0.9501602
1066.098  0.9498555
1066.667  0.9503970
1067.236  0.9508143
1067.806  0.9491193
1068.376  0.9523397
1068.947  0.9535160
1069.519  0.9540019
1070.091  0.9547294
1070.664  0.9574095
1071.237  0.9582270
1071.811  0.9584593
1072.386  0.9577578
1072.961  0.9602097
1073.537  0.9617071
1074.114  0.9623007
1074.691  0.9553656
1075.269  0.9632384
1075.847  0.9639261
1076.426  0.9632731
1077.006  0.9638754
1077.586  0.9549463
1078.167  0.9636914
1078.749  0.9648915
1079.331  0.9648463
1079.914  0.9645121
1080.497  0.9536386
1081.081  0.9646800
1081.666  0.9566593
1082.251  0.9656971
1082.837  0.9667598
1083.424  0.9502889
1084.011  0.9643099
1084.599  0.9617763
1085.187  0.9642270
1085.776  0.9555846
1086.366  0.9364543
1086.957  0.9592544
1087.547  0.9646238
1088.139  0.9669225
1088.732  0.9622440
1089.325  0.9513453
1089.918  0.9632421
1090.513  0.9403206
1091.108  0.9665550
1091.703  0.9671961
1092.299  0.9373618
1092.896  0.9422264
1093.494  0.9624275
1094.092  0.9598852
1094.691  0.9367502
1095.290  0.9636989
1095.890  0.9323689
1096.491  0.9525926
1097.093  0.9664027
1097.695  0.9369705
1098.298  0.9497013
1098.901  0.9402555
1099.505  0.9186897
1100.110  0.9380242
1100.716  0.9313417
1101.322  0.9418420
1101.928  0.9110453
1102.536  0.9267445
1103.144  0.9205130
1103.753  0.9483173
1104.362  0.8867530
1104.972  0.9420038
1105.583  0.9245013
1106.195  0.8850328
