# Test atmosphere 
# Airmass = 1.000
# Coefficient: C['t2'] = -0.000300
# Coefficient: C['t0'] = 0.002000
# Coefficient: C['t1'] = 0.000200
# Coefficient: C['H2O'] = 0.500000
# Coefficient: C['BP'] = 782.000000
# Coefficient: C['mol'] = 0.960000
# Coefficient: C['alpha'] = -0.500000
# Coefficient: C['O3'] = 0.600000
300.000  0.18573918
300.500  0.18917435
301.000  0.19355700
301.500  0.19810029
302.000  0.20233896
302.500  0.20763500
303.000  0.21428585
303.500  0.22021792
304.000  0.22527826
304.500  0.23217169
305.000  0.24130400
305.500  0.24927530
306.000  0.25507370
306.500  0.26194010
307.000  0.27239900
307.500  0.28306532
308.000  0.29021921
308.500  0.29636475
309.000  0.30475510
309.500  0.31664187
310.000  0.32702614
310.500  0.33403335
311.000  0.34070263
311.500  0.34843513
312.000  0.35970077
312.500  0.37105566
313.000  0.37802266
313.500  0.38180802
314.000  0.39074476
314.500  0.40384304
315.000  0.41142161
315.500  0.41365734
316.000  0.42112939
316.500  0.43258937
317.000  0.43869689
317.500  0.44060714
318.000  0.44755370
318.500  0.46046004
319.000  0.46917863
319.500  0.46895037
320.000  0.47011653
320.500  0.48078008
321.000  0.49344691
321.500  0.49790295
322.000  0.49435516
322.500  0.49390057
323.000  0.50332637
323.500  0.51685961
324.000  0.52342852
324.500  0.52116539
325.000  0.51828744
325.500  0.52322455
326.000  0.53311202
326.500  0.54160508
327.000  0.54387707
327.500  0.54155899
328.000  0.54033088
328.500  0.54683818
329.000  0.55630910
329.500  0.56181737
330.000  0.56257160
330.500  0.56080840
331.000  0.56085696
331.500  0.56518334
332.000  0.57225152
332.500  0.57721752
333.000  0.57872206
333.500  0.57782686
334.000  0.57883255
334.500  0.58354954
335.000  0.58847638
335.500  0.59198030
336.000  0.59384624
336.500  0.59431000
337.000  0.59416523
337.500  0.59551355
338.000  0.59935375
338.500  0.60344644
339.000  0.60620287
339.500  0.60779359
340.000  0.60859685
340.500  0.60997510
341.000  0.61288833
341.500  0.61577105
342.000  0.61806812
342.500  0.62005409
343.000  0.62160631
343.500  0.62266329
344.000  0.62368524
344.500  0.62558740
345.000  0.62810910
345.500  0.63052714
346.000  0.63252512
346.500  0.63447258
347.000  0.63611570
347.500  0.63761918
348.000  0.63929490
348.500  0.64118177
349.000  0.64318180
349.500  0.64497175
350.000  0.64669228
350.500  0.64825364
351.000  0.64969770
351.500  0.65108754
352.000  0.65273628
352.500  0.65451735
353.000  0.65640306
353.500  0.65797776
354.000  0.65951261
354.500  0.66097680
355.000  0.66266634
355.500  0.66431633
356.000  0.66584552
356.500  0.66730916
357.000  0.66876214
357.500  0.67029080
358.000  0.67192577
358.500  0.67358698
359.000  0.67522301
359.500  0.67671185
360.000  0.67807911
360.500  0.67954158
361.000  0.68100375
361.500  0.68254518
362.000  0.68407435
362.500  0.68554916
363.000  0.68707842
363.500  0.68851219
364.000  0.68994595
364.500  0.69124391
365.000  0.69254131
365.500  0.69401616
366.000  0.69558613
366.500  0.69699270
367.000  0.69842643
367.500  0.69979141
368.000  0.70112952
368.500  0.70263214
369.000  0.70397038
369.500  0.70530863
370.000  0.70674237
370.500  0.70808063
371.000  0.70941888
371.500  0.71061750
372.000  0.71188554
372.500  0.71322341
373.000  0.71463149
373.500  0.71594435
374.000  0.71735295
374.500  0.71869121
375.000  0.71979255
375.500  0.72105971
376.000  0.72216017
376.500  0.72347343
377.000  0.72495364
377.500  0.72626753
378.000  0.72758166
378.500  0.72875285
379.000  0.72992380
379.500  0.73102267
380.000  0.73219302
380.500  0.73341182
381.000  0.73472631
381.500  0.73596874
382.000  0.73718813
382.500  0.73850324
383.000  0.73957776
383.500  0.74074753
384.000  0.74182160
384.500  0.74296846
385.000  0.74421078
385.500  0.74543088
386.000  0.74665121
386.500  0.74779829
387.000  0.74887179
387.500  0.74994507
388.000  0.75099647
388.500  0.75214334
389.000  0.75329020
389.500  0.75443707
390.000  0.75548847
390.500  0.75663534
391.000  0.75768675
391.500  0.75875905
392.000  0.75981036
392.500  0.76093644
393.000  0.76213761
393.500  0.76328471
394.000  0.76433633
394.500  0.76538795
395.000  0.76628897
395.500  0.76726498
396.000  0.76839180
396.500  0.76942335
397.000  0.77055058
397.500  0.77152639
398.000  0.77225473
398.500  0.77330595
399.000  0.77450938
399.500  0.77538913
400.000  0.77636415
400.500  0.77724351
401.000  0.77827568
401.500  0.77948010
402.000  0.78051275
402.500  0.78162237
403.000  0.78257862
403.500  0.78345788
404.000  0.78433697
404.500  0.78521586
405.000  0.78609457
405.500  0.78712779
406.000  0.78823864
406.500  0.78925436
407.000  0.79021070
407.500  0.79108932
408.000  0.79163887
408.500  0.79239141
409.000  0.79332957
409.500  0.79436336
410.000  0.79522372
410.500  0.79610130
411.000  0.79711824
411.500  0.79813551
412.000  0.79907463
412.500  0.79987364
413.000  0.80041945
413.500  0.80120089
414.000  0.80229754
414.500  0.80331577
415.000  0.80425532
415.500  0.80527415
416.000  0.80611861
416.500  0.80697948
417.000  0.80784035
417.500  0.80854237
418.000  0.80930757
418.500  0.81008869
419.000  0.81085382
419.500  0.81163469
420.000  0.81239975
420.500  0.81318038
421.000  0.81394537
421.500  0.81483699
422.000  0.81552187
422.500  0.81628681
423.000  0.81705174
423.500  0.81786307
424.000  0.81846707
424.500  0.81915129
425.000  0.82007715
425.500  0.82111537
426.000  0.82204193
426.500  0.82280715
427.000  0.82332970
427.500  0.82375636
428.000  0.82452113
428.500  0.82549766
429.000  0.82650619
429.500  0.82725714
430.000  0.82785975
430.500  0.82838066
431.000  0.82891888
431.500  0.82984673
432.000  0.83076100
432.500  0.83155793
433.000  0.83206412
433.500  0.83266552
434.000  0.83325306
434.500  0.83375851
435.000  0.83426370
435.500  0.83511030
436.000  0.83594376
436.500  0.83685971
437.000  0.83777605
437.500  0.83856010
438.000  0.83922988
438.500  0.83951934
439.000  0.83969357
439.500  0.84022960
440.000  0.84109607
440.500  0.84209610
441.000  0.84304605
441.500  0.84378851
442.000  0.84444558
442.500  0.84494784
443.000  0.84548365
443.500  0.84601690
444.000  0.84652007
444.500  0.84699062
445.000  0.84723128
445.500  0.84798352
446.000  0.84894164
446.500  0.84990382
447.000  0.85056137
447.500  0.85110632
448.000  0.85117841
448.500  0.85144983
449.000  0.85236998
449.500  0.85331150
450.000  0.85400185
450.500  0.85465973
451.000  0.85523374
451.500  0.85585184
452.000  0.85642581
452.500  0.85691563
453.000  0.85748955
453.500  0.85806346
454.000  0.85872171
454.500  0.85946445
455.000  0.85995410
455.500  0.86039196
456.000  0.86081873
456.500  0.86142549
457.000  0.86211691
457.500  0.86250260
458.000  0.86277043
458.500  0.86306019
459.000  0.86358185
459.500  0.86427318
460.000  0.86473234
460.500  0.86516896
461.000  0.86560540
461.500  0.86603136
462.000  0.86677494
462.500  0.86733818
463.000  0.86782650
463.500  0.86801571
464.000  0.86847054
464.500  0.86925676
465.000  0.86990564
465.500  0.87078793
466.000  0.87143728
466.500  0.87200124
467.000  0.87235143
467.500  0.87265838
468.000  0.87299839
468.500  0.87350979
469.000  0.87406332
469.500  0.87457478
470.000  0.87514841
470.500  0.87557398
471.000  0.87613815
471.500  0.87661638
472.000  0.87709460
472.500  0.87748670
473.000  0.87796488
473.500  0.87830403
474.000  0.87851445
474.500  0.87867160
475.000  0.87918291
475.500  0.87972772
476.000  0.88018615
476.500  0.88059156
477.000  0.88104987
477.500  0.88135976
478.000  0.88167835
478.500  0.88199677
479.000  0.88214183
479.500  0.88233111
480.000  0.88264896
480.500  0.88295810
481.000  0.88341558
481.500  0.88374431
482.000  0.88416819
482.500  0.88476567
483.000  0.88523450
483.500  0.88575677
484.000  0.88628748
484.500  0.88672299
485.000  0.88717583
485.500  0.88761139
486.000  0.88808878
486.500  0.88856884
487.000  0.88899378
487.500  0.88937596
488.000  0.88976611
488.500  0.88974528
489.000  0.88989889
489.500  0.89026091
490.000  0.89080851
490.500  0.89149440
491.000  0.89199770
491.500  0.89241354
492.000  0.89265425
492.500  0.89303628
493.000  0.89327682
493.500  0.89357110
494.000  0.89372372
494.500  0.89405909
495.000  0.89447473
495.500  0.89480257
496.000  0.89507641
496.500  0.89535014
497.000  0.89565768
497.500  0.89605303
498.000  0.89635319
498.500  0.89674843
499.000  0.89700152
499.500  0.89716648
500.000  0.89741925
500.500  0.89739676
501.000  0.89737808
501.500  0.89744316
502.000  0.89742934
502.500  0.89746017
503.000  0.89745527
503.500  0.89720951
504.000  0.89730159
504.500  0.89757669
505.000  0.89797973
505.500  0.89843863
506.000  0.89876554
506.500  0.89927896
507.000  0.89966867
507.500  0.90009688
508.000  0.90053171
508.500  0.90097306
509.000  0.90140976
509.500  0.90179500
510.000  0.90218666
510.500  0.90251742
511.000  0.90298653
511.500  0.90331737
512.000  0.90363704
512.500  0.90390826
513.000  0.90422791
513.500  0.90463296
514.000  0.90486389
514.500  0.90512877
515.000  0.90545450
515.500  0.90571931
516.000  0.90595010
516.500  0.90622085
517.000  0.90654042
517.500  0.90671620
518.000  0.90685791
518.500  0.90685567
519.000  0.90718093
519.500  0.90735640
520.000  0.90753181
520.500  0.90770714
521.000  0.90797144
521.500  0.90818067
522.000  0.90839548
522.500  0.90851544
523.000  0.90858020
523.500  0.90864482
524.000  0.90871900
524.500  0.90863910
525.000  0.90861418
525.500  0.90858911
526.000  0.90855414
526.500  0.90870701
527.000  0.90875909
527.500  0.90882255
528.000  0.90902046
528.500  0.90908365
529.000  0.90923585
529.500  0.90929877
530.000  0.90941689
530.500  0.90938519
531.000  0.90959228
531.500  0.90967629
532.000  0.90984941
532.500  0.91002245
533.000  0.91034012
533.500  0.91047423
534.000  0.91079189
534.500  0.91107574
535.000  0.91144894
535.500  0.91173282
536.000  0.91201179
536.500  0.91229569
537.000  0.91257959
537.500  0.91276918
538.000  0.91290798
538.500  0.91300104
539.000  0.91307930
539.500  0.91326175
540.000  0.91347802
540.500  0.91355430
541.000  0.91349995
541.500  0.91348117
542.000  0.91360476
542.500  0.91372288
543.000  0.91379063
543.500  0.91391678
544.000  0.91403279
544.500  0.91415611
545.000  0.91432775
545.500  0.91435951
546.000  0.91458502
546.500  0.91470816
547.000  0.91497109
547.500  0.91519579
548.000  0.91527738
548.500  0.91545627
549.000  0.91558936
549.500  0.91590625
550.000  0.91612911
550.500  0.91634603
551.000  0.91656888
551.500  0.91673990
552.000  0.91686267
552.500  0.91690572
553.000  0.91707656
553.500  0.91715335
554.000  0.91723009
554.500  0.91749067
555.000  0.91751121
555.500  0.91762162
556.000  0.91779208
556.500  0.91781241
557.000  0.91777650
557.500  0.91779668
558.000  0.91785445
558.500  0.91781825
559.000  0.91778196
559.500  0.91783552
560.000  0.91780286
560.500  0.91771001
561.000  0.91767331
561.500  0.91763652
562.000  0.91759964
562.500  0.91756636
563.000  0.91752927
563.500  0.91740216
564.000  0.91742122
564.500  0.91744020
565.000  0.91745912
565.500  0.91766142
566.000  0.91768018
566.500  0.91779934
567.000  0.91777208
567.500  0.91771121
568.000  0.91760255
568.500  0.91734561
569.000  0.91723679
569.500  0.91725509
570.000  0.91742156
570.500  0.91763578
571.000  0.91783752
571.500  0.91786615
572.000  0.91781348
572.500  0.91793198
573.000  0.91810883
573.500  0.91847815
574.000  0.91869909
574.500  0.91884060
575.000  0.91913061
575.500  0.91946666
576.000  0.91975678
576.500  0.92004694
577.000  0.92034777
577.500  0.92059199
578.000  0.92098500
578.500  0.92123866
579.000  0.92144937
579.500  0.92179651
580.000  0.92209761
580.500  0.92248917
581.000  0.92273366
581.500  0.92303491
582.000  0.92324274
582.500  0.92354408
583.000  0.92378869
583.500  0.92404390
584.000  0.92428855
584.500  0.92453322
585.000  0.92454754
585.500  0.92479222
586.000  0.92488758
586.500  0.92502728
587.000  0.92494708
587.500  0.92476458
588.000  0.92410867
588.500  0.92299988
589.000  0.92187973
589.500  0.92197416
590.000  0.92186489
590.500  0.92264360
591.000  0.92331887
591.500  0.92302200
592.000  0.92225145
592.500  0.92251202
593.000  0.92381297
593.500  0.92424650
594.000  0.92318474
594.500  0.92185814
595.000  0.92260294
595.500  0.92390520
596.000  0.92446666
596.500  0.92456491
597.000  0.92415322
597.500  0.92425128
598.000  0.92440774
598.500  0.92479406
599.000  0.92494877
599.500  0.92501043
600.000  0.92531478
600.500  0.92547972
601.000  0.92574855
601.500  0.92592478
602.000  0.92611134
602.500  0.92634473
603.000  0.92657580
603.500  0.92682008
604.000  0.92702841
604.500  0.92731911
605.000  0.92752751
605.500  0.92782912
606.000  0.92809480
606.500  0.92845374
607.000  0.92871950
607.500  0.92913582
608.000  0.92940167
608.500  0.92981813
609.000  0.93008407
609.500  0.93050069
610.000  0.93082401
610.500  0.93124078
611.000  0.93156423
611.500  0.93179640
612.000  0.93221336
612.500  0.93257308
613.000  0.93289671
613.500  0.93316304
614.000  0.93352294
614.500  0.93384672
615.000  0.93429830
615.500  0.93456484
616.000  0.93473981
616.500  0.93510001
617.000  0.93536664
617.500  0.93563330
618.000  0.93608540
618.500  0.93629474
619.000  0.93665526
619.500  0.93686466
620.000  0.93707409
620.500  0.93728543
621.000  0.93758677
621.500  0.93785375
622.000  0.93815708
622.500  0.93836664
623.000  0.93857623
623.500  0.93878585
624.000  0.93908932
624.500  0.93929898
625.000  0.93950868
625.500  0.93976527
626.000  0.93992801
626.500  0.93999672
627.000  0.93901758
627.500  0.93144109
628.000  0.91966969
628.500  0.92357141
629.000  0.93059977
629.500  0.93054251
630.000  0.93144222
630.500  0.93432872
631.000  0.93675355
631.500  0.93904945
632.000  0.94050121
632.500  0.94178611
633.000  0.94259931
633.500  0.94333254
634.000  0.94377476
634.500  0.94408783
635.000  0.94429800
635.500  0.94465998
636.000  0.94491748
636.500  0.94518543
637.000  0.94545342
637.500  0.94576874
638.000  0.94602641
638.500  0.94638875
639.000  0.94665691
639.500  0.94692511
640.000  0.94713560
640.500  0.94740386
641.000  0.94756701
641.500  0.94783532
642.000  0.94818765
642.500  0.94835085
643.000  0.94861926
643.500  0.94878248
644.000  0.94894570
644.500  0.94910892
645.000  0.94922466
645.500  0.94935005
646.000  0.94913314
646.500  0.94872614
647.000  0.94817621
647.500  0.94748334
648.000  0.94745578
648.500  0.94794119
649.000  0.94848440
649.500  0.94893045
650.000  0.94985686
650.500  0.95081883
651.000  0.95069638
651.500  0.94933576
652.000  0.94897465
652.500  0.95080374
653.000  0.95182332
653.500  0.95202319
654.000  0.95232945
654.500  0.95206354
655.000  0.95189283
655.500  0.95219905
656.000  0.95259065
656.500  0.95304020
657.000  0.95344201
657.500  0.95360532
658.000  0.95415073
658.500  0.95454283
659.000  0.95494519
659.500  0.95539545
660.000  0.95554886
660.500  0.95585587
661.000  0.95616295
661.500  0.95641209
662.000  0.95667144
662.500  0.95682498
663.000  0.95698869
663.500  0.95724814
664.000  0.95740171
664.500  0.95751852
665.000  0.95773016
665.500  0.95798973
666.000  0.95820143
666.500  0.95835508
667.000  0.95856682
667.500  0.95882652
668.000  0.95903831
668.500  0.95925013
669.000  0.95946196
669.500  0.95957980
670.000  0.95973355
670.500  0.96003950
671.000  0.96025142
671.500  0.96040524
672.000  0.96061720
672.500  0.96073418
673.000  0.96094617
673.500  0.96110005
674.000  0.96131208
674.500  0.96146598
675.000  0.96161989
675.500  0.96183198
676.000  0.96204410
676.500  0.96210298
677.000  0.96225694
677.500  0.96246910
678.000  0.96262309
678.500  0.96277709
679.000  0.96293110
679.500  0.96314333
680.000  0.96329737
680.500  0.96330812
681.000  0.96346216
681.500  0.96361622
682.000  0.96377029
682.500  0.96392437
683.000  0.96407846
683.500  0.96407916
684.000  0.96418505
684.500  0.96429093
685.000  0.96449327
685.500  0.96445836
686.000  0.95984936
686.500  0.91755581
687.000  0.81261895
687.500  0.76327652
688.000  0.82033332
688.500  0.86767397
689.000  0.85519513
689.500  0.85472091
690.000  0.87213390
690.500  0.88639202
691.000  0.90286930
691.500  0.91585524
692.000  0.92742942
692.500  0.93926236
693.000  0.94837182
693.500  0.95250976
694.000  0.95441492
694.500  0.95643501
695.000  0.95872779
695.500  0.96007293
696.000  0.96002693
696.500  0.96274886
697.000  0.96575783
697.500  0.96653900
698.000  0.96616224
698.500  0.96476687
699.000  0.96278989
699.500  0.96274965
700.000  0.96368024
700.500  0.96388231
701.000  0.96379369
701.500  0.96403461
702.000  0.96423876
702.500  0.96434396
703.000  0.96506970
703.500  0.96687342
704.000  0.96683353
704.500  0.96692932
705.000  0.96718038
705.500  0.96689004
706.000  0.96743215
706.500  0.96791610
707.000  0.96841173
707.500  0.96860468
708.000  0.96871042
708.500  0.96909933
709.000  0.96939928
709.500  0.96949526
710.000  0.96944559
710.500  0.96940754
711.000  0.96974628
711.500  0.97013362
712.000  0.97024127
712.500  0.97024016
713.000  0.97009331
713.500  0.97009397
714.000  0.97014138
714.500  0.96984870
715.000  0.96927639
715.500  0.96908102
716.000  0.96840957
716.500  0.96457285
717.000  0.95612969
717.500  0.94787064
718.000  0.94395036
718.500  0.93744885
719.000  0.93328368
719.500  0.93425797
720.000  0.93542687
720.500  0.93990220
721.000  0.95113074
721.500  0.96192745
722.000  0.96537934
722.500  0.96421979
723.000  0.95732039
723.500  0.94647707
724.000  0.94555741
724.500  0.94624998
725.000  0.94848385
725.500  0.95038612
726.000  0.95404255
726.500  0.95374746
727.000  0.95321760
727.500  0.94966509
728.000  0.94922938
728.500  0.95613981
729.000  0.95546754
729.500  0.95658280
730.000  0.95985558
730.500  0.95853614
731.000  0.95878929
731.500  0.96014931
732.000  0.96312737
732.500  0.96761220
733.000  0.96965701
733.500  0.96970639
734.000  0.97112771
734.500  0.97166245
735.000  0.97132170
735.500  0.97156385
736.000  0.97117429
736.500  0.97102620
737.000  0.97141664
737.500  0.97258579
738.000  0.97351118
738.500  0.97351181
739.000  0.97385180
739.500  0.97395003
740.000  0.97433887
740.500  0.97492513
741.000  0.97526519
741.500  0.97545897
742.000  0.97559620
742.500  0.97569236
743.000  0.97593708
743.500  0.97622856
744.000  0.97617048
744.500  0.97631551
745.000  0.97636496
745.500  0.97646117
746.000  0.97651062
746.500  0.97659693
747.000  0.97670304
747.500  0.97675250
748.000  0.97684872
748.500  0.97684934
749.000  0.97705316
749.500  0.97706367
750.000  0.97715990
750.500  0.97721927
751.000  0.97742314
751.500  0.97748252
752.000  0.97763753
752.500  0.97769692
753.000  0.97785195
753.500  0.97791134
754.000  0.97800761
754.500  0.97801810
755.000  0.97817315
755.500  0.97828147
756.000  0.97837775
756.500  0.97843715
757.000  0.97859224
757.500  0.97859285
758.000  0.97849735
758.500  0.97491266
759.000  0.93453590
759.500  0.76823396
760.000  0.52279518
760.500  0.38946374
761.000  0.40504297
761.500  0.54088240
762.000  0.68168114
762.500  0.66331695
763.000  0.58793425
763.500  0.58950506
764.000  0.63139909
764.500  0.68119979
765.000  0.73999660
765.500  0.79220138
766.000  0.83354777
766.500  0.86886647
767.000  0.90600870
767.500  0.93028543
768.000  0.94391178
768.500  0.95293563
769.000  0.95936770
769.500  0.96522209
770.000  0.97175081
770.500  0.97607080
771.000  0.97789560
771.500  0.97860503
772.000  0.97898969
772.500  0.97927792
773.000  0.97931569
773.500  0.97950832
774.000  0.97979659
774.500  0.97983433
775.000  0.98002661
775.500  0.97996830
776.000  0.98006455
776.500  0.98010227
777.000  0.98019852
777.500  0.98019910
778.000  0.98019969
778.500  0.98029594
779.000  0.98023761
779.500  0.98033385
780.000  0.98039335
780.500  0.98048960
781.000  0.98049018
781.500  0.98064536
782.000  0.98064594
782.500  0.98070546
783.000  0.98086066
783.500  0.98086124
784.000  0.98101644
784.500  0.98102691
785.000  0.98092939
785.500  0.98098646
786.000  0.98099691
786.500  0.98065154
787.000  0.98036752
787.500  0.98022088
788.000  0.98002258
788.500  0.97968957
789.000  0.97895131
789.500  0.97807811
790.000  0.97783327
790.500  0.97812553
791.000  0.97833213
791.500  0.97901722
792.000  0.97911598
792.500  0.97848798
793.000  0.97887855
793.500  0.98049954
794.000  0.98158768
794.500  0.98149003
795.000  0.98109771
795.500  0.98040803
796.000  0.97834572
796.500  0.97766528
797.000  0.97928693
797.500  0.98026998
798.000  0.98090648
798.500  0.98075966
799.000  0.98090491
799.500  0.98090548
800.000  0.98012962
800.500  0.97958683
801.000  0.97934168
801.500  0.97968338
802.000  0.98007711
802.500  0.97983194
803.000  0.97982963
803.500  0.98012510
804.000  0.98037114
804.500  0.98056550
805.000  0.98129371
805.500  0.98208080
806.000  0.98217700
806.500  0.98207923
807.000  0.98217541
807.500  0.98222514
808.000  0.98206838
808.500  0.98177120
809.000  0.98141779
809.500  0.98068110
810.000  0.98077713
810.500  0.98117102
811.000  0.98027395
811.500  0.97904528
812.000  0.97820089
812.500  0.97751318
813.000  0.97421736
813.500  0.96782701
814.000  0.96545642
814.500  0.96413160
815.000  0.95980901
815.500  0.95484023
816.000  0.95002710
816.500  0.94693131
817.000  0.95302060
817.500  0.95326690
818.000  0.94550505
818.500  0.95154188
819.000  0.95636813
819.500  0.95695595
820.000  0.95690207
820.500  0.96748315
821.000  0.97559727
821.500  0.97511196
822.000  0.96985013
822.500  0.95220266
823.000  0.92879014
823.500  0.93892416
824.000  0.96239562
824.500  0.97119895
825.000  0.97322610
825.500  0.97096309
826.000  0.96904778
826.500  0.97436410
827.000  0.97575216
827.500  0.96536200
828.000  0.95911056
828.500  0.96305792
829.000  0.96295998
829.500  0.96467892
830.000  0.96940609
830.500  0.97019924
831.000  0.97428699
831.500  0.97394171
832.000  0.96867263
832.500  0.97207640
833.000  0.97685481
833.500  0.97601706
834.000  0.97680219
834.500  0.98025135
835.000  0.98133574
835.500  0.98069210
836.000  0.98079118
836.500  0.98143230
837.000  0.98241526
837.500  0.98261291
838.000  0.98285984
838.500  0.98350102
839.000  0.98384355
839.500  0.98418908
840.000  0.98428817
840.500  0.98403930
841.000  0.98369479
841.500  0.98408964
842.000  0.98453070
842.500  0.98507353
843.000  0.98507406
843.500  0.98477877
844.000  0.98492427
844.500  0.98521079
845.000  0.98545782
845.500  0.98580060
846.000  0.98575182
846.500  0.98570303
847.000  0.98584160
847.500  0.98598718
848.000  0.98569184
848.500  0.98548527
849.000  0.98548579
849.500  0.98567077
850.000  0.98567128
850.500  0.98557318
851.000  0.98541299
851.500  0.98521626
852.000  0.98541402
852.500  0.98569760
853.000  0.98584605
853.500  0.98584657
854.000  0.98569915
854.500  0.98579536
855.000  0.98594382
855.500  0.98605286
856.000  0.98624775
856.500  0.98634691
857.000  0.98629809
857.500  0.98630850
858.000  0.98640766
858.500  0.98655326
859.000  0.98655377
859.500  0.98666284
860.000  0.98671269
860.500  0.98686821
861.000  0.98681938
861.500  0.98681988
862.000  0.98692805
862.500  0.98692856
863.000  0.98692907
863.500  0.98698882
864.000  0.98708510
864.500  0.98718233
865.000  0.98724209
865.500  0.98724259
866.000  0.98724215
866.500  0.98733940
867.000  0.98739916
867.500  0.98739871
868.000  0.98749597
868.500  0.98749647
869.000  0.98749697
869.500  0.98749747
870.000  0.98759377
870.500  0.98765355
871.000  0.98765404
871.500  0.98765454
872.000  0.98775085
872.500  0.98775135
873.000  0.98775185
873.500  0.98775234
874.000  0.98784865
874.500  0.98784914
875.000  0.98784964
875.500  0.98780074
876.000  0.98789704
876.500  0.98789754
877.000  0.98795732
877.500  0.98795781
878.000  0.98800471
878.500  0.98800521
879.000  0.98794641
879.500  0.98794690
880.000  0.98794739
880.500  0.98794487
881.000  0.98789595
881.500  0.98789644
882.000  0.98779812
882.500  0.98789438
883.000  0.98799370
883.500  0.98794477
884.000  0.98794526
884.500  0.98814036
885.000  0.98804202
885.500  0.98779542
886.000  0.98735115
886.500  0.98749678
887.000  0.98779379
887.500  0.98774486
888.000  0.98724129
888.500  0.98748887
889.000  0.98812874
889.500  0.98803037
890.000  0.98758613
890.500  0.98748777
891.000  0.98778166
891.500  0.98753502
892.000  0.98679431
892.500  0.98625118
893.000  0.98378118
893.500  0.98234561
894.000  0.98298899
894.500  0.98047039
895.000  0.97523532
895.500  0.96822011
896.000  0.96318486
896.500  0.95598088
897.000  0.95316576
897.500  0.95815513
898.000  0.96116626
898.500  0.94330412
899.000  0.92041218
899.500  0.93113295
900.000  0.94584218
900.500  0.94164130
901.000  0.94390729
901.500  0.94809854
902.000  0.94676238
902.500  0.94398709
903.000  0.95010557
903.500  0.96625782
904.000  0.97638045
904.500  0.97489931
905.000  0.97281946
905.500  0.97257294
906.000  0.97059927
906.500  0.95984052
907.000  0.94779266
907.500  0.94353817
908.000  0.94255526
908.500  0.94448625
909.000  0.94537562
909.500  0.94814162
910.000  0.95011070
910.500  0.94690082
911.000  0.95308279
911.500  0.95555287
912.000  0.95041272
912.500  0.95663111
913.000  0.94566421
913.500  0.93326462
914.000  0.94329377
914.500  0.95939659
915.000  0.95485154
915.500  0.93340065
916.000  0.93937509
916.500  0.96156124
917.000  0.96314320
917.500  0.94846121
918.000  0.94241926
918.500  0.95482501
919.000  0.96693876
919.500  0.97029941
920.000  0.97010207
920.500  0.97642611
921.000  0.97637582
921.500  0.97114213
922.000  0.97074687
922.500  0.97505076
923.000  0.97504665
923.500  0.97316726
924.000  0.97074556
924.500  0.96876946
925.000  0.96837423
925.500  0.97055463
926.000  0.97238326
926.500  0.97332626
927.000  0.97565530
927.500  0.96469496
928.000  0.94925389
928.500  0.94680702
929.000  0.94216005
929.500  0.93329029
930.000  0.91529366
930.500  0.89881359
931.000  0.88286579
931.500  0.86536410
932.000  0.83242856
932.500  0.82050280
933.000  0.82369968
933.500  0.81449834
934.000  0.77943611
934.500  0.76622945
935.000  0.80576150
935.500  0.81791415
936.000  0.80583007
936.500  0.81119103
937.000  0.80386984
937.500  0.82014827
938.000  0.82558483
938.500  0.83088622
939.000  0.87189695
939.500  0.91569410
940.000  0.91051462
940.500  0.88826714
941.000  0.88600603
941.500  0.89843492
942.000  0.89522043
942.500  0.85971328
943.000  0.83344207
943.500  0.85373966
944.000  0.83661196
944.500  0.82207002
945.000  0.86148049
945.500  0.86825517
946.000  0.84580221
946.500  0.85485308
947.000  0.87786707
947.500  0.87485923
948.000  0.84445220
948.500  0.85661438
949.000  0.90074072
949.500  0.87747987
950.000  0.84508622
950.500  0.86852123
951.000  0.91092591
951.500  0.90511227
952.000  0.85881753
952.500  0.84718715
953.000  0.87321737
953.500  0.88886249
954.000  0.89301512
954.500  0.88722168
955.000  0.89022261
955.500  0.88388075
956.000  0.87719964
956.500  0.87899074
957.000  0.88349413
957.500  0.91235967
958.000  0.91538879
958.500  0.90232901
959.000  0.89066338
959.500  0.88243838
960.000  0.89743069
960.500  0.91099655
961.000  0.92061544
961.500  0.93009576
962.000  0.92063546
962.500  0.90283442
963.000  0.91760000
963.500  0.93222881
964.000  0.92727859
964.500  0.92766227
965.000  0.93527401
965.500  0.94717948
966.000  0.93901077
966.500  0.92296495
967.000  0.93072998
967.500  0.96107035
968.000  0.97121719
968.500  0.96269333
969.000  0.96868333
969.500  0.97467452
970.000  0.97017652
970.500  0.96824295
971.000  0.97344472
971.500  0.96918498
972.000  0.96764420
972.500  0.96680241
973.000  0.96150481
973.500  0.95778998
974.000  0.95650244
974.500  0.95195127
975.000  0.94813773
975.500  0.95011216
976.000  0.94862646
976.500  0.95333285
977.000  0.96561834
977.500  0.97111535
978.000  0.96690233
978.500  0.96442540
979.000  0.96426857
979.500  0.96273273
980.000  0.96560485
980.500  0.96872763
981.000  0.97967995
981.500  0.98280305
982.000  0.98096847
982.500  0.97804417
983.000  0.97744360
983.500  0.98354250
984.000  0.98726151
984.500  0.98502058
985.000  0.98254183
985.500  0.98526933
986.000  0.98903780
986.500  0.98992726
987.000  0.98888622
987.500  0.98799396
988.000  0.98903583
988.500  0.99047444
989.000  0.99077230
989.500  0.99022714
990.000  0.98961898
990.500  0.98996660
991.000  0.99055237
991.500  0.99085036
992.000  0.99100944
992.500  0.99071225
993.000  0.99021666
993.500  0.99071307
994.000  0.99145404
994.500  0.99170248
995.000  0.99175249
995.500  0.99170330
996.000  0.99170371
996.500  0.99181323
997.000  0.99176404
997.500  0.99171484
998.000  0.99171180
998.500  0.99171221
999.000  0.99166301
999.500  0.99146496
1000.000  0.99156460
1000.500  0.99191229
1001.000  0.99186309
1001.500  0.99097046
1002.000  0.99012383
1002.500  0.99067003
1003.000  0.99166280
1003.500  0.99191129
1004.000  0.99162387
1004.500  0.99162427
1005.000  0.99177354
1005.500  0.99172432
1006.000  0.99196937
1006.500  0.99206903
1007.000  0.99206943
1007.500  0.99197058
1008.000  0.99172285
1008.500  0.99157438
1009.000  0.99097927
1009.500  0.99043379
1010.000  0.99093045
1010.500  0.99182062
1011.000  0.99212084
1011.500  0.99202199
1012.000  0.99177426
1012.500  0.99192354
1013.000  0.99217207
1013.500  0.99227172
1014.000  0.99217287
1014.500  0.99212016
1015.000  0.99221983
1015.500  0.99217059
1016.000  0.99217099
1016.500  0.99227065
1017.000  0.99217179
1017.500  0.99227145
1018.000  0.99247037
1018.500  0.99237150
1019.000  0.99197134
1019.500  0.99172356
1020.000  0.99222031
1020.500  0.99241925
1021.000  0.99246928
1021.500  0.99237040
1022.000  0.99232116
1022.500  0.99232156
1023.000  0.99192692
1023.500  0.99172525
1024.000  0.99157673
1024.500  0.99202385
1025.000  0.99242133
1025.500  0.99237209
1026.000  0.99242211
1026.500  0.99247214
1027.000  0.99237326
1027.500  0.99222475
1028.000  0.99232441
1028.500  0.99247022
1029.000  0.99247061
1029.500  0.99252264
1030.000  0.99262230
1030.500  0.99262269
1031.000  0.99257344
1031.500  0.99252420
1032.000  0.99262386
1032.500  0.99276969
1033.000  0.99277007
1033.500  0.99262352
1034.000  0.99267354
1034.500  0.99272356
1035.000  0.99272395
1035.500  0.99267470
1036.000  0.99257778
1036.500  0.99248086
1037.000  0.99243356
1037.500  0.99252971
1038.000  0.99262742
1038.500  0.99262781
1039.000  0.99253087
1039.500  0.99253125
1040.000  0.99253164
1040.500  0.99253202
1041.000  0.99253241
1041.500  0.99243547
1042.000  0.99253161
1042.500  0.99253199
1043.000  0.99253238
1043.500  0.99243542
1044.000  0.99243581
1044.500  0.99233886
1045.000  0.99233924
1045.500  0.99218275
1046.000  0.99218313
1046.500  0.99208618
1047.000  0.99198924
1047.500  0.99204751
1048.000  0.99195055
1048.500  0.99185358
1049.000  0.99146459
1049.500  0.99117294
1050.000  0.99117331
1050.500  0.99117369
1051.000  0.99117407
1051.500  0.99097976
1052.000  0.99078545
1052.500  0.99068670
1053.000  0.99049238
1053.500  0.99039540
1054.000  0.99010371
1054.500  0.98990938
1055.000  0.98961770
1055.500  0.98932601
1056.000  0.98893697
1056.500  0.98854793
1057.000  0.98815889
1057.500  0.98786514
1058.000  0.98747606
1058.500  0.98708698
1059.000  0.98679526
1059.500  0.98640618
1060.000  0.98621182
1060.500  0.98601747
1061.000  0.98577382
1061.500  0.98567683
1062.000  0.98533586
1062.500  0.98499491
1063.000  0.98484746
1063.500  0.98450760
1064.000  0.98421587
1064.500  0.98382573
1065.000  0.98363035
1065.500  0.98363175
1066.000  0.98363313
1066.500  0.98373086
1067.000  0.98382757
1067.500  0.98372954
1068.000  0.98392460
1068.500  0.98485036
1069.000  0.98567408
1069.500  0.98605987
1070.000  0.98659479
1070.500  0.98747540
1071.000  0.98811076
1071.500  0.98840017
1072.000  0.98844370
1072.500  0.98873266
1073.000  0.98946867
1073.500  0.99005809
1074.000  0.99000204
1074.500  0.98910141
1075.000  0.98959161
1075.500  0.99102586
1076.000  0.99146882
1076.500  0.99136631
1077.000  0.99056916
1077.500  0.98932507
1078.000  0.99006761
1078.500  0.99155478
1079.000  0.99204945
1079.500  0.99179971
1080.000  0.99035862
1080.500  0.98901258
1081.000  0.98975541
1081.500  0.98995215
1082.000  0.99074701
1082.500  0.99193707
1083.000  0.99005061
1083.500  0.98836024
1084.000  0.98985044
1084.500  0.99094117
1085.000  0.99069319
1085.500  0.98850580
1086.000  0.98403575
1086.500  0.98313746
1087.000  0.98755958
1087.500  0.99123340
1088.000  0.99237630
1088.500  0.99123412
1089.000  0.98865132
1089.500  0.98755940
1090.000  0.98671535
1090.500  0.98527246
1091.000  0.98875013
1091.500  0.99068785
1092.000  0.98572061
1092.500  0.98109757
1093.000  0.98323398
1093.500  0.98765548
1094.000  0.98735839
1094.500  0.98372982
1095.000  0.98392983
1095.500  0.98343348
1096.000  0.98109930
1096.500  0.98472649
1097.000  0.98750871
1097.500  0.98378449
1098.000  0.98115401
1098.500  0.98040952
1099.000  0.97643023
1099.500  0.97275568
1100.000  0.00016138
