# wavelen(nm)  Transmission(atmos) - MC 4/2010
284.941  0.0000000
284.981  0.0000001
285.022  0.0000001
285.063  0.0000001
285.103  0.0000002
285.144  0.0000002
285.185  0.0000002
285.225  0.0000002
285.266  0.0000003
285.307  0.0000003
285.347  0.0000003
285.388  0.0000003
285.429  0.0000004
285.470  0.0000004
285.510  0.0000004
285.551  0.0000004
285.592  0.0000004
285.633  0.0000004
285.673  0.0000004
285.714  0.0000004
285.755  0.0000004
285.796  0.0000004
285.837  0.0000004
285.878  0.0000005
285.919  0.0000005
285.959  0.0000005
286.000  0.0000005
286.041  0.0000006
286.082  0.0000006
286.123  0.0000006
286.164  0.0000007
286.205  0.0000007
286.246  0.0000008
286.287  0.0000008
286.328  0.0000009
286.369  0.0000009
286.410  0.0000010
286.451  0.0000011
286.492  0.0000011
286.533  0.0000012
286.574  0.0000013
286.615  0.0000014
286.656  0.0000015
286.697  0.0000016
286.738  0.0000017
286.779  0.0000018
286.821  0.0000018
286.862  0.0000019
286.903  0.0000020
286.944  0.0000022
286.985  0.0000022
287.026  0.0000023
287.068  0.0000023
287.109  0.0000023
287.150  0.0000024
287.191  0.0000025
287.233  0.0000027
287.274  0.0000028
287.315  0.0000029
287.356  0.0000030
287.398  0.0000033
287.439  0.0000037
287.480  0.0000041
287.522  0.0000045
287.563  0.0000048
287.604  0.0000050
287.646  0.0000056
287.687  0.0000064
287.728  0.0000071
287.770  0.0000075
287.811  0.0000080
287.853  0.0000091
287.894  0.0000097
287.935  0.0000105
287.977  0.0000114
288.018  0.0000122
288.060  0.0000124
288.101  0.0000122
288.143  0.0000134
288.184  0.0000140
288.226  0.0000152
288.268  0.0000162
288.309  0.0000168
288.351  0.0000172
288.392  0.0000170
288.434  0.0000183
288.475  0.0000189
288.517  0.0000194
288.559  0.0000200
288.600  0.0000203
288.642  0.0000206
288.684  0.0000221
288.725  0.0000236
288.767  0.0000246
288.809  0.0000251
288.850  0.0000256
288.892  0.0000275
288.934  0.0000293
288.976  0.0000313
289.017  0.0000327
289.059  0.0000336
289.101  0.0000349
289.143  0.0000361
289.185  0.0000378
289.226  0.0000396
289.268  0.0000412
289.310  0.0000425
289.352  0.0000440
289.394  0.0000469
289.436  0.0000474
289.478  0.0000519
289.519  0.0000555
289.561  0.0000579
289.603  0.0000611
289.645  0.0000658
289.687  0.0000701
289.729  0.0000719
289.771  0.0000748
289.813  0.0000766
289.855  0.0000772
289.897  0.0000819
289.939  0.0000825
289.981  0.0000863
290.023  0.0000886
290.065  0.0000901
290.107  0.0000926
290.149  0.0000974
290.192  0.0000996
290.234  0.0001088
290.276  0.0001122
290.318  0.0001131
290.360  0.0001152
290.402  0.0001194
290.444  0.0001232
290.487  0.0001275
290.529  0.0001314
290.571  0.0001336
290.613  0.0001363
290.655  0.0001414
290.698  0.0001474
290.740  0.0001545
290.782  0.0001605
290.824  0.0001644
290.867  0.0001705
290.909  0.0001783
290.951  0.0001850
290.994  0.0001939
291.036  0.0002034
291.078  0.0002130
291.121  0.0002223
291.163  0.0002331
291.206  0.0002465
291.248  0.0002610
291.290  0.0002740
291.333  0.0002811
291.375  0.0002962
291.418  0.0003141
291.460  0.0003335
291.503  0.0003542
291.545  0.0003718
291.588  0.0003885
291.630  0.0004092
291.673  0.0004368
291.715  0.0004678
291.758  0.0004954
291.800  0.0005133
291.843  0.0005197
291.886  0.0005324
291.928  0.0005535
291.971  0.0005774
292.013  0.0005982
292.056  0.0006135
292.099  0.0006269
292.141  0.0006451
292.184  0.0006735
292.227  0.0007028
292.269  0.0007281
292.312  0.0007459
292.355  0.0007575
292.398  0.0007692
292.440  0.0007865
292.483  0.0007902
292.526  0.0008077
292.569  0.0008173
292.612  0.0008224
292.654  0.0008352
292.697  0.0008512
292.740  0.0008751
292.783  0.0008998
292.826  0.0009171
292.869  0.0009419
292.912  0.0009809
292.954  0.0010299
292.997  0.0010799
293.040  0.0011232
293.083  0.0011638
293.126  0.0012006
293.169  0.0012474
293.212  0.0013108
293.255  0.0013804
293.298  0.0014286
293.341  0.0014713
293.384  0.0015229
293.427  0.0015897
293.470  0.0016715
293.513  0.0017586
293.556  0.0018332
293.600  0.0018871
293.643  0.0019676
293.686  0.0020447
293.729  0.0021328
293.772  0.0022120
293.815  0.0022784
293.858  0.0023331
293.902  0.0023819
293.945  0.0024469
293.988  0.0025000
294.031  0.0025203
294.074  0.0025382
294.118  0.0025689
294.161  0.0026099
294.204  0.0026507
294.247  0.0026939
294.291  0.0028002
294.334  0.0028521
294.377  0.0029331
294.421  0.0030169
294.464  0.0030860
294.507  0.0031395
294.551  0.0031864
294.594  0.0032505
294.638  0.0033245
294.681  0.0034541
294.724  0.0035576
294.768  0.0036576
294.811  0.0037510
294.855  0.0038241
294.898  0.0039241
294.942  0.0040477
294.985  0.0041987
295.029  0.0042950
295.072  0.0044318
295.116  0.0045787
295.159  0.0047260
295.203  0.0049302
295.247  0.0051711
295.290  0.0053664
295.334  0.0054613
295.377  0.0056441
295.421  0.0058657
295.465  0.0061162
295.508  0.0063576
295.552  0.0065095
295.596  0.0066585
295.639  0.0067861
295.683  0.0068529
295.727  0.0069468
295.771  0.0070566
295.814  0.0071414
295.858  0.0072436
295.902  0.0074521
295.946  0.0076502
295.989  0.0079090
296.033  0.0081078
296.077  0.0082906
296.121  0.0085548
296.165  0.0089284
296.209  0.0093253
296.252  0.0096287
296.296  0.0099063
296.340  0.0100623
296.384  0.0103166
296.428  0.0103591
296.472  0.0104560
296.516  0.0105961
296.560  0.0107576
296.604  0.0109243
296.648  0.0107259
296.692  0.0109709
296.736  0.0111168
296.780  0.0113103
296.824  0.0112603
296.868  0.0113143
296.912  0.0115366
296.956  0.0118306
297.000  0.0124629
297.044  0.0128456
297.089  0.0132144
297.133  0.0135581
297.177  0.0138880
297.221  0.0142418
297.265  0.0146161
297.309  0.0149306
297.354  0.0151293
297.398  0.0153979
297.442  0.0157423
297.486  0.0162625
297.530  0.0167992
297.575  0.0171878
297.619  0.0175310
297.663  0.0178262
297.708  0.0181608
297.752  0.0188194
297.796  0.0192083
297.841  0.0195745
297.885  0.0197898
297.929  0.0202082
297.974  0.0206984
298.018  0.0210697
298.063  0.0213805
298.107  0.0217637
298.151  0.0221157
298.196  0.0224878
298.240  0.0225501
298.285  0.0228178
298.329  0.0231721
298.374  0.0235831
298.418  0.0239797
298.463  0.0244777
298.507  0.0249054
298.552  0.0250074
298.597  0.0250348
298.641  0.0256822
298.686  0.0257256
298.730  0.0256337
298.775  0.0264664
298.820  0.0268169
298.864  0.0268500
298.909  0.0271818
298.954  0.0279834
298.998  0.0288439
299.043  0.0289222
299.088  0.0291858
299.133  0.0295929
299.177  0.0310166
299.222  0.0318989
299.267  0.0326225
299.312  0.0330682
299.356  0.0334836
299.401  0.0344379
299.446  0.0354073
299.491  0.0363391
299.536  0.0368979
299.581  0.0369886
299.625  0.0380489
299.670  0.0389263
299.715  0.0395918
299.760  0.0401518
299.805  0.0405861
299.850  0.0409460
299.895  0.0411645
299.940  0.0415919
299.985  0.0414802
300.030  0.0422777
300.075  0.0424848
300.120  0.0430071
300.165  0.0432680
300.210  0.0437714
300.255  0.0446877
300.300  0.0452725
300.345  0.0458295
300.391  0.0460903
300.436  0.0466797
300.481  0.0471725
300.526  0.0475931
300.571  0.0478922
300.616  0.0483589
300.661  0.0490343
300.707  0.0499179
300.752  0.0508543
300.797  0.0515126
300.842  0.0524538
300.888  0.0534938
300.933  0.0544260
300.978  0.0557187
301.023  0.0568590
301.069  0.0577027
301.114  0.0585244
301.159  0.0598667
301.205  0.0613423
301.250  0.0620604
301.296  0.0628999
301.341  0.0635989
301.386  0.0640927
301.432  0.0650123
301.477  0.0658817
301.523  0.0667869
301.568  0.0673568
301.614  0.0676920
301.659  0.0680075
301.705  0.0683801
301.750  0.0688082
301.796  0.0691134
301.841  0.0692783
301.887  0.0698179
301.932  0.0701904
301.978  0.0705051
302.024  0.0709872
302.069  0.0716442
302.115  0.0722893
302.160  0.0729434
302.206  0.0738452
302.252  0.0748057
302.297  0.0752130
302.343  0.0759344
302.389  0.0767600
302.435  0.0781990
302.480  0.0792280
302.526  0.0804188
302.572  0.0817047
302.618  0.0827520
302.663  0.0839125
302.709  0.0852636
302.755  0.0866923
302.801  0.0881849
302.847  0.0890629
302.893  0.0899492
302.938  0.0911978
302.984  0.0928792
303.030  0.0943859
303.076  0.0957273
303.122  0.0966577
303.168  0.0974387
303.214  0.0985294
303.260  0.0999673
303.306  0.1009208
303.352  0.1008372
303.398  0.1011788
303.444  0.1030039
303.490  0.1029901
303.536  0.1039087
303.582  0.1042580
303.628  0.1050837
303.674  0.1054737
303.721  0.1064410
303.767  0.1070059
303.813  0.1070753
303.859  0.1068885
303.905  0.1066095
303.951  0.1068591
303.998  0.1071071
304.044  0.1074419
304.090  0.1081697
304.136  0.1086824
304.182  0.1100984
304.229  0.1117401
304.275  0.1129010
304.321  0.1138825
304.368  0.1150565
304.414  0.1161405
304.460  0.1171414
304.507  0.1181120
304.553  0.1190195
304.599  0.1203984
304.646  0.1214009
304.692  0.1244893
304.739  0.1255969
304.785  0.1276495
304.832  0.1285232
304.878  0.1296918
304.925  0.1316930
304.971  0.1339043
305.018  0.1358118
305.064  0.1371942
305.111  0.1384258
305.157  0.1399239
305.204  0.1416287
305.250  0.1433484
305.297  0.1442153
305.344  0.1447863
305.390  0.1459036
305.437  0.1468586
305.483  0.1482025
305.530  0.1483656
305.577  0.1484455
305.623  0.1486727
305.670  0.1490722
305.717  0.1490153
305.764  0.1493321
305.810  0.1500002
305.857  0.1506582
305.904  0.1519728
305.951  0.1526156
305.998  0.1531779
306.044  0.1542958
306.091  0.1548373
306.138  0.1548128
306.185  0.1547496
306.232  0.1543137
306.279  0.1545908
306.326  0.1552064
306.373  0.1555273
306.419  0.1565059
306.466  0.1579744
306.513  0.1598712
306.560  0.1616608
306.607  0.1630375
306.654  0.1648736
306.701  0.1663681
306.748  0.1673745
306.796  0.1687376
306.843  0.1695319
306.890  0.1707095
306.937  0.1733665
306.984  0.1754819
307.031  0.1776104
307.078  0.1792257
307.125  0.1814300
307.172  0.1833730
307.220  0.1855720
307.267  0.1873897
307.314  0.1887313
307.361  0.1900285
307.409  0.1913758
307.456  0.1930831
307.503  0.1950070
307.550  0.1962869
307.598  0.1970415
307.645  0.1974194
307.692  0.1987242
307.740  0.1997700
307.787  0.1998773
307.834  0.1990046
307.882  0.1992114
307.929  0.1987550
307.977  0.1986183
308.024  0.1987556
308.071  0.1991797
308.119  0.1995671
308.166  0.2005432
308.214  0.2010035
308.261  0.2012756
308.309  0.2028405
308.356  0.2047400
308.404  0.2065561
308.452  0.2089777
308.499  0.2108167
308.547  0.2115888
308.594  0.2108057
308.642  0.2096585
308.690  0.2096065
308.737  0.2100146
308.785  0.2108655
308.833  0.2111482
308.880  0.2119911
308.928  0.2131906
308.976  0.2145317
309.023  0.2151126
309.071  0.2161085
309.119  0.2167681
309.167  0.2184287
309.215  0.2210499
309.262  0.2227499
309.310  0.2237626
309.358  0.2253918
309.406  0.2283233
309.454  0.2327134
309.502  0.2370330
309.550  0.2389601
309.598  0.2404084
309.645  0.2416054
309.693  0.2441858
309.741  0.2465745
309.789  0.2466370
309.837  0.2462432
309.885  0.2466817
309.933  0.2481932
309.981  0.2488879
310.029  0.2486546
310.078  0.2485136
310.126  0.2485821
310.174  0.2491080
310.222  0.2482932
310.270  0.2478125
310.318  0.2477847
310.366  0.2480232
310.414  0.2495727
310.463  0.2514905
310.511  0.2536062
310.559  0.2556250
310.607  0.2562015
310.655  0.2573702
310.704  0.2579628
310.752  0.2589835
310.800  0.2591550
310.849  0.2598490
310.897  0.2612780
310.945  0.2626885
310.994  0.2632780
311.042  0.2636114
311.090  0.2646010
311.139  0.2647447
311.187  0.2660400
311.236  0.2646644
311.284  0.2647214
311.332  0.2646990
311.381  0.2646128
311.429  0.2640501
311.478  0.2643196
311.526  0.2658091
311.575  0.2673414
311.624  0.2690624
311.672  0.2713240
311.721  0.2741706
311.769  0.2764913
311.818  0.2784155
311.867  0.2804084
311.915  0.2824400
311.964  0.2847220
312.012  0.2862719
312.061  0.2872194
312.110  0.2888497
312.159  0.2900886
312.207  0.2907383
312.256  0.2914493
312.305  0.2924521
312.354  0.2936494
312.402  0.2950132
312.451  0.2969772
312.500  0.2988170
312.549  0.3008881
312.598  0.3018050
312.647  0.3021301
312.695  0.3031058
312.744  0.3041960
312.793  0.3051123
312.842  0.3056443
312.891  0.3071191
312.940  0.3057693
312.989  0.3070986
313.038  0.3084452
313.087  0.3089784
313.136  0.3090746
313.185  0.3092588
313.234  0.3095211
313.283  0.3087701
313.332  0.3082829
313.381  0.3060891
313.430  0.3040484
313.480  0.3028225
313.529  0.3017050
313.578  0.3020989
313.627  0.3028221
313.676  0.3043409
313.725  0.3070510
313.775  0.3080275
313.824  0.3093667
313.873  0.3110468
313.922  0.3135432
313.972  0.3159492
314.021  0.3172047
314.070  0.3192274
314.120  0.3212141
314.169  0.3226817
314.218  0.3253796
314.268  0.3273010
314.317  0.3289006
314.367  0.3312562
314.416  0.3338653
314.465  0.3363413
314.515  0.3389021
314.564  0.3407240
314.614  0.3414706
314.663  0.3428340
314.713  0.3433098
314.762  0.3427809
314.812  0.3429449
314.861  0.3424201
314.911  0.3421158
314.961  0.3433536
315.010  0.3445182
315.060  0.3451678
315.109  0.3460980
315.159  0.3462625
315.209  0.3459297
315.259  0.3458209
315.308  0.3456632
315.358  0.3450143
315.408  0.3430929
315.457  0.3395668
315.507  0.3361240
315.557  0.3345482
315.607  0.3342851
315.657  0.3347612
315.706  0.3368825
315.756  0.3396445
315.806  0.3422686
315.856  0.3441572
315.906  0.3466472
315.956  0.3491894
316.006  0.3526985
316.056  0.3548383
316.106  0.3562480
316.156  0.3576851
316.206  0.3595509
316.256  0.3605565
316.306  0.3616897
316.356  0.3625250
316.406  0.3636769
316.456  0.3651793
316.506  0.3667756
316.556  0.3687166
316.606  0.3696734
316.656  0.3714928
316.706  0.3735477
316.756  0.3750600
316.807  0.3757599
316.857  0.3757536
316.907  0.3749680
316.957  0.3735054
317.007  0.3714222
317.058  0.3699355
317.108  0.3695283
317.158  0.3700209
317.209  0.3702252
317.259  0.3714973
317.309  0.3726864
317.360  0.3738626
317.410  0.3744649
317.460  0.3743268
317.511  0.3724783
317.561  0.3699236
317.612  0.3674542
317.662  0.3655610
317.712  0.3654910
317.763  0.3673835
317.813  0.3695836
317.864  0.3722486
317.914  0.3757628
317.965  0.3785210
318.016  0.3800436
318.066  0.3804932
318.117  0.3808732
318.167  0.3821069
318.218  0.3844094
318.269  0.3867510
318.319  0.3891193
318.370  0.3911669
318.421  0.3941122
318.471  0.3965103
318.522  0.3983327
318.573  0.3999943
318.624  0.4011828
318.674  0.4016597
318.725  0.4028281
318.776  0.4040600
318.827  0.4042480
318.878  0.4050922
318.928  0.4068882
318.979  0.4083047
319.030  0.4095304
319.081  0.4115872
319.132  0.4113684
319.183  0.4117538
319.234  0.4106090
319.285  0.4093212
319.336  0.4066007
319.387  0.4038799
319.438  0.3985464
319.489  0.3965001
319.540  0.3952496
319.591  0.3954102
319.642  0.3977256
319.693  0.3995585
319.744  0.4009349
319.795  0.4024170
319.846  0.4031036
319.898  0.4019096
319.949  0.3982153
320.000  0.3948381
320.051  0.3939727
320.102  0.3949781
320.154  0.3975127
320.205  0.4011133
320.256  0.4046043
320.307  0.4076659
320.359  0.4103014
320.410  0.4129892
320.461  0.4155303
320.513  0.4168994
320.564  0.4172388
320.616  0.4180923
320.667  0.4198491
320.718  0.4222446
320.770  0.4248149
320.821  0.4266466
320.873  0.4282835
320.924  0.4305163
320.976  0.4325161
321.027  0.4339696
321.079  0.4351664
321.130  0.4358322
321.182  0.4362640
321.234  0.4364677
321.285  0.4362505
321.337  0.4361290
321.388  0.4358116
321.440  0.4356165
321.492  0.4360289
321.543  0.4367370
321.595  0.4372206
321.647  0.4382432
321.699  0.4390368
321.750  0.4388578
321.802  0.4380216
321.854  0.4363602
321.906  0.4325897
321.957  0.4256686
322.009  0.4198929
322.061  0.4180806
322.113  0.4178482
322.165  0.4190346
322.217  0.4213116
322.269  0.4237606
322.321  0.4261188
322.373  0.4282301
322.425  0.4305783
322.477  0.4316007
322.529  0.4309513
322.581  0.4274856
322.633  0.4235639
322.685  0.4219521
322.737  0.4235180
322.789  0.4255791
322.841  0.4273554
322.893  0.4301149
322.945  0.4333558
322.997  0.4362945
323.050  0.4392778
323.102  0.4413250
323.154  0.4437972
323.206  0.4465107
323.258  0.4487456
323.311  0.4502891
323.363  0.4518239
323.415  0.4536750
323.468  0.4554822
323.520  0.4570125
323.572  0.4578770
323.625  0.4589384
323.677  0.4605853
323.729  0.4617827
323.782  0.4629131
323.834  0.4635724
323.887  0.4642637
323.939  0.4643951
323.992  0.4643139
324.044  0.4635490
324.097  0.4625344
324.149  0.4611062
324.202  0.4598896
324.254  0.4594473
324.307  0.4594918
324.359  0.4599905
324.412  0.4606242
324.465  0.4608075
324.517  0.4612023
324.570  0.4614872
324.623  0.4612327
324.675  0.4597435
324.728  0.4546421
324.781  0.4479024
324.834  0.4445698
324.886  0.4431108
324.939  0.4437274
324.992  0.4457441
325.045  0.4475462
325.098  0.4494301
325.150  0.4519368
325.203  0.4544107
325.256  0.4570167
325.309  0.4584569
325.362  0.4595457
325.415  0.4596312
325.468  0.4575831
325.521  0.4565195
325.574  0.4569032
325.627  0.4580982
325.680  0.4594663
325.733  0.4622432
325.786  0.4635463
325.839  0.4656065
325.892  0.4671552
325.945  0.4690703
325.998  0.4712589
326.052  0.4725118
326.105  0.4735840
326.158  0.4750406
326.211  0.4763842
326.264  0.4774712
326.318  0.4782079
326.371  0.4789234
326.424  0.4796874
326.477  0.4804458
326.531  0.4812046
326.584  0.4818742
326.637  0.4824841
326.691  0.4832341
326.744  0.4837706
326.797  0.4843700
326.851  0.4846587
326.904  0.4848080
326.958  0.4843142
327.011  0.4832585
327.065  0.4819162
327.118  0.4801775
327.172  0.4784532
327.225  0.4777702
327.279  0.4779760
327.332  0.4784269
327.386  0.4790579
327.439  0.4800045
327.493  0.4811107
327.547  0.4817600
327.600  0.4821283
327.654  0.4821921
327.708  0.4808676
327.761  0.4775821
327.815  0.4744540
327.869  0.4718911
327.923  0.4692909
327.976  0.4681679
328.030  0.4686353
328.084  0.4696747
328.138  0.4712883
328.192  0.4735616
328.246  0.4757894
328.299  0.4777226
328.353  0.4793227
328.407  0.4810545
328.461  0.4831561
328.515  0.4848905
328.569  0.4861807
328.623  0.4875986
328.677  0.4890226
328.731  0.4905909
328.785  0.4918347
328.839  0.4927298
328.893  0.4938151
328.947  0.4948709
329.001  0.4957214
329.056  0.4965288
329.110  0.4973416
329.164  0.4981143
329.218  0.4988800
329.272  0.4994861
329.327  0.4998976
329.381  0.5004431
329.435  0.5009067
329.489  0.5010958
329.544  0.5014712
329.598  0.5013896
329.652  0.5014200
329.707  0.5016996
329.761  0.5018802
329.815  0.5022634
329.870  0.5025849
329.924  0.5030444
329.979  0.5033507
330.033  0.5035434
330.087  0.5032024
330.142  0.5028159
330.196  0.5012556
330.251  0.4980834
330.306  0.4959336
330.360  0.4953361
330.415  0.4952313
330.469  0.4957884
330.524  0.4965401
330.578  0.4972268
330.633  0.4980120
330.688  0.4989136
330.743  0.5000312
330.797  0.5005185
330.852  0.5007489
330.907  0.5004427
330.961  0.4980852
331.016  0.4954103
331.071  0.4942933
331.126  0.4940857
331.181  0.4948046
331.236  0.4962929
331.290  0.4973002
331.345  0.4983428
331.400  0.4998317
331.455  0.5013810
331.510  0.5028247
331.565  0.5041942
331.620  0.5051338
331.675  0.5064105
331.730  0.5074622
331.785  0.5087785
331.840  0.5093312
331.895  0.5103258
331.950  0.5112220
332.005  0.5119744
332.060  0.5126242
332.116  0.5133563
332.171  0.5139869
332.226  0.5146948
332.281  0.5152195
332.336  0.5155669
332.392  0.5162763
332.447  0.5167351
332.502  0.5172390
332.557  0.5174078
332.613  0.5176245
332.668  0.5178807
332.723  0.5181838
332.779  0.5182877
332.834  0.5182736
332.889  0.5179365
332.945  0.5178585
333.000  0.5177242
333.056  0.5178949
333.111  0.5180407
333.167  0.5180789
333.222  0.5183621
333.278  0.5185966
333.333  0.5188802
333.389  0.5188849
333.444  0.5188326
333.500  0.5181534
333.556  0.5167439
333.611  0.5146713
333.667  0.5126236
333.723  0.5118470
333.778  0.5118238
333.834  0.5124145
333.890  0.5130703
333.946  0.5140379
334.001  0.5151593
334.057  0.5162091
334.113  0.5172424
334.169  0.5182492
334.225  0.5194563
334.280  0.5204931
334.336  0.5211365
334.392  0.5220950
334.448  0.5226960
334.504  0.5234141
334.560  0.5239702
334.616  0.5243594
334.672  0.5248302
334.728  0.5253437
334.784  0.5258288
334.840  0.5264798
334.896  0.5270029
334.952  0.5275554
335.008  0.5281277
335.065  0.5287897
335.121  0.5293424
335.177  0.5298175
335.233  0.5303214
335.289  0.5307669
335.345  0.5310281
335.402  0.5313643
335.458  0.5317282
335.514  0.5320558
335.570  0.5322314
335.627  0.5323841
335.683  0.5326331
335.739  0.5329564
335.796  0.5332344
335.852  0.5335689
335.909  0.5339026
335.965  0.5341165
336.022  0.5342747
336.078  0.5343449
336.134  0.5346463
336.191  0.5344959
336.247  0.5342412
336.304  0.5341116
336.361  0.5338117
336.417  0.5332686
336.474  0.5328121
336.530  0.5329411
336.587  0.5332287
336.644  0.5335215
336.700  0.5339803
336.757  0.5343833
336.814  0.5347548
336.870  0.5350888
336.927  0.5352755
336.984  0.5351859
337.041  0.5346944
337.098  0.5343605
337.154  0.5330466
337.211  0.5316907
337.268  0.5311637
337.325  0.5313026
337.382  0.5317147
337.439  0.5326027
337.496  0.5334585
337.553  0.5342247
337.610  0.5349666
337.667  0.5357943
337.724  0.5366420
337.781  0.5374050
337.838  0.5381156
337.895  0.5387418
337.952  0.5393536
338.009  0.5399962
338.066  0.5404213
338.123  0.5410050
338.181  0.5417507
338.238  0.5422132
338.295  0.5426329
338.352  0.5430827
338.409  0.5434703
338.467  0.5439531
338.524  0.5445111
338.581  0.5445986
338.639  0.5451233
338.696  0.5451385
338.753  0.5455781
338.811  0.5459296
338.868  0.5462643
338.926  0.5465799
338.983  0.5468193
339.041  0.5470194
339.098  0.5472313
339.155  0.5474889
339.213  0.5476903
339.271  0.5479060
339.328  0.5481119
339.386  0.5481464
339.443  0.5483313
339.501  0.5485563
339.559  0.5487498
339.616  0.5489885
339.674  0.5492358
339.732  0.5493674
339.789  0.5496309
339.847  0.5496630
339.905  0.5498178
339.963  0.5495116
340.020  0.5488933
340.078  0.5483223
340.136  0.5476074
340.194  0.5476487
340.252  0.5479213
340.310  0.5482896
340.368  0.5487042
340.426  0.5492229
340.483  0.5497072
340.541  0.5501870
340.599  0.5507023
340.657  0.5511884
340.715  0.5517023
340.774  0.5521621
340.832  0.5526177
340.890  0.5530750
340.948  0.5534996
341.006  0.5539142
341.064  0.5542836
341.122  0.5547089
341.180  0.5551236
341.239  0.5554617
341.297  0.5558247
341.355  0.5561332
341.413  0.5565196
341.472  0.5568320
341.530  0.5571404
341.588  0.5574219
341.647  0.5577021
341.705  0.5579807
341.763  0.5582304
341.822  0.5584814
341.880  0.5587220
341.939  0.5589758
341.997  0.5592354
342.056  0.5595042
342.114  0.5597555
342.173  0.5600409
342.231  0.5602980
342.290  0.5605881
342.349  0.5608378
342.407  0.5610886
342.466  0.5613383
342.524  0.5615711
342.583  0.5618100
342.642  0.5620333
342.700  0.5622175
342.759  0.5624018
342.818  0.5625649
342.877  0.5627129
342.936  0.5628666
342.994  0.5630176
343.053  0.5631716
343.112  0.5632597
343.171  0.5633632
343.230  0.5635047
343.289  0.5637013
343.348  0.5639415
343.407  0.5641723
343.466  0.5644365
343.525  0.5646593
343.584  0.5648371
343.643  0.5649437
343.702  0.5650135
343.761  0.5650460
343.820  0.5649611
343.879  0.5646201
343.938  0.5642249
343.997  0.5640856
344.056  0.5641720
344.116  0.5644111
344.175  0.5647562
344.234  0.5651569
344.293  0.5655927
344.353  0.5660212
344.412  0.5664629
344.471  0.5669457
344.531  0.5674026
344.590  0.5678234
344.649  0.5682742
344.709  0.5686534
344.768  0.5689814
344.828  0.5693807
344.887  0.5696764
344.947  0.5699663
345.006  0.5702912
345.066  0.5705587
345.125  0.5708948
345.185  0.5711758
345.244  0.5714458
345.304  0.5717182
345.363  0.5719993
345.423  0.5722538
345.483  0.5725364
345.542  0.5727702
345.602  0.5730074
345.662  0.5732293
345.722  0.5734427
345.781  0.5736992
345.841  0.5738972
345.901  0.5741479
345.961  0.5743963
346.021  0.5746837
346.081  0.5750032
346.141  0.5752928
346.200  0.5755591
346.260  0.5758387
346.320  0.5761001
346.380  0.5763693
346.440  0.5765954
346.500  0.5768016
346.560  0.5769978
346.620  0.5772479
346.681  0.5774558
346.741  0.5776989
346.801  0.5779408
346.861  0.5781554
346.921  0.5784090
346.981  0.5786085
347.041  0.5788210
347.102  0.5789834
347.162  0.5790908
347.222  0.5792118
347.283  0.5793559
347.343  0.5794569
347.403  0.5796272
347.464  0.5797879
347.524  0.5799894
347.584  0.5802276
347.645  0.5805091
347.705  0.5808090
347.766  0.5810792
347.826  0.5813338
347.887  0.5815973
347.947  0.5818575
348.008  0.5820715
348.068  0.5822951
348.129  0.5825148
348.189  0.5827528
348.250  0.5830150
348.311  0.5832595
348.371  0.5834915
348.432  0.5837748
348.493  0.5840211
348.553  0.5842690
348.614  0.5845155
348.675  0.5847674
348.736  0.5850173
348.797  0.5852621
348.857  0.5855599
348.918  0.5858482
348.979  0.5860983
349.040  0.5863625
349.101  0.5866195
349.162  0.5868791
349.223  0.5871129
349.284  0.5873478
349.345  0.5875920
349.406  0.5877943
349.467  0.5880019
349.528  0.5881811
349.589  0.5883743
349.650  0.5885937
349.711  0.5887977
349.773  0.5890383
349.834  0.5892609
349.895  0.5894895
349.956  0.5897155
350.017  0.5899281
350.079  0.5901804
350.140  0.5903982
350.201  0.5905753
350.263  0.5907805
350.324  0.5909782
350.385  0.5911752
350.447  0.5913978
350.508  0.5915960
350.570  0.5918356
350.631  0.5920607
350.693  0.5922525
350.754  0.5924881
350.816  0.5926979
350.877  0.5929198
350.939  0.5931021
351.000  0.5933158
351.062  0.5935004
351.124  0.5936983
351.185  0.5939039
351.247  0.5940658
351.309  0.5942059
351.370  0.5943013
351.432  0.5944114
351.494  0.5945515
351.556  0.5946888
351.617  0.5948699
351.679  0.5950810
351.741  0.5953268
351.803  0.5955947
351.865  0.5958697
351.927  0.5961404
351.989  0.5964225
352.051  0.5966686
352.113  0.5969120
352.175  0.5971573
352.237  0.5974029
352.299  0.5976877
352.361  0.5979405
352.423  0.5982030
352.485  0.5984377
352.547  0.5986852
352.609  0.5989335
352.671  0.5992043
352.734  0.5994659
352.796  0.5997477
352.858  0.5999839
352.920  0.6002119
352.983  0.6004453
353.045  0.6007098
353.107  0.6009303
353.170  0.6011321
353.232  0.6013488
353.294  0.6015393
353.357  0.6017448
353.419  0.6019522
353.482  0.6021758
353.544  0.6023733
353.607  0.6025485
353.669  0.6027343
353.732  0.6029343
353.794  0.6031235
353.857  0.6033219
353.920  0.6034996
353.982  0.6037037
354.045  0.6038730
354.108  0.6040622
354.170  0.6042382
354.233  0.6044648
354.296  0.6046840
354.359  0.6048924
354.421  0.6051091
354.484  0.6053356
354.547  0.6055500
354.610  0.6057853
354.673  0.6060145
354.736  0.6062405
354.799  0.6064931
354.862  0.6067277
354.925  0.6069550
354.988  0.6071745
355.051  0.6074365
355.114  0.6076588
355.177  0.6078864
355.240  0.6081125
355.303  0.6083280
355.366  0.6085486
355.429  0.6087795
355.492  0.6089934
355.556  0.6092418
355.619  0.6094840
355.682  0.6097105
355.745  0.6099398
355.809  0.6101707
355.872  0.6103382
355.935  0.6105536
355.999  0.6107595
356.062  0.6109602
356.125  0.6111618
356.189  0.6113711
356.252  0.6115732
356.316  0.6117734
356.379  0.6119755
356.443  0.6121745
356.506  0.6123594
356.570  0.6125310
356.633  0.6126671
356.697  0.6128107
356.761  0.6129840
356.824  0.6131537
356.888  0.6133493
356.952  0.6135302
357.015  0.6137466
357.079  0.6139570
357.143  0.6141808
357.207  0.6144152
357.270  0.6146611
357.334  0.6148639
357.398  0.6150878
357.462  0.6153229
357.526  0.6155660
357.590  0.6158272
357.654  0.6160528
357.718  0.6162835
357.782  0.6164837
357.846  0.6167202
357.910  0.6169535
357.974  0.6171796
358.038  0.6174067
358.102  0.6176476
358.166  0.6178960
358.230  0.6181101
358.295  0.6183358
358.359  0.6185829
358.423  0.6188101
358.487  0.6190316
358.551  0.6192612
358.616  0.6195017
358.680  0.6197295
358.744  0.6199702
358.809  0.6201928
358.873  0.6204041
358.938  0.6206165
359.002  0.6208179
359.066  0.6210281
359.131  0.6212589
359.195  0.6214619
359.260  0.6216528
359.324  0.6218627
359.389  0.6220477
359.454  0.6222575
359.518  0.6224568
359.583  0.6226666
359.648  0.6228786
359.712  0.6230988
359.777  0.6233165
359.842  0.6235288
359.906  0.6237311
359.971  0.6239159
360.036  0.6241209
360.101  0.6243248
360.166  0.6245205
360.231  0.6247420
360.295  0.6249240
360.360  0.6251181
360.425  0.6253100
360.490  0.6254929
360.555  0.6256799
360.620  0.6258631
360.685  0.6260693
360.750  0.6262728
360.815  0.6264640
360.881  0.6266769
360.946  0.6269184
361.011  0.6271518
361.076  0.6273550
361.141  0.6275692
361.206  0.6277970
361.272  0.6280178
361.337  0.6282386
361.402  0.6284593
361.468  0.6286923
361.533  0.6289254
361.598  0.6291337
361.664  0.6293501
361.729  0.6295597
361.794  0.6297720
361.860  0.6299773
361.925  0.6301963
361.991  0.6303960
362.056  0.6306095
362.122  0.6308091
362.188  0.6310293
362.253  0.6312136
362.319  0.6314172
362.384  0.6316537
362.450  0.6318572
362.516  0.6320510
362.582  0.6322723
362.647  0.6325045
362.713  0.6326953
362.779  0.6328902
362.845  0.6331154
362.911  0.6333351
362.976  0.6335644
363.042  0.6337825
363.108  0.6339786
363.174  0.6341939
363.240  0.6344050
363.306  0.6346479
363.372  0.6348617
363.438  0.6350560
363.504  0.6352946
363.570  0.6355235
363.636  0.6357482
363.703  0.6359784
363.769  0.6361850
363.835  0.6363568
363.901  0.6365507
363.967  0.6367245
364.033  0.6369275
364.100  0.6371097
364.166  0.6373070
364.232  0.6374973
364.299  0.6376903
364.365  0.6378679
364.431  0.6380455
364.498  0.6382147
364.564  0.6383990
364.631  0.6385847
364.697  0.6387732
364.764  0.6389716
364.830  0.6391565
364.897  0.6393398
364.964  0.6395328
365.030  0.6397023
365.097  0.6399116
365.163  0.6401169
365.230  0.6403088
365.297  0.6405153
365.364  0.6407504
365.430  0.6410090
365.497  0.6412313
365.564  0.6414676
365.631  0.6416772
365.698  0.6418854
365.764  0.6421299
365.831  0.6423646
365.898  0.6425964
365.965  0.6428464
366.032  0.6430950
366.099  0.6433408
366.166  0.6435753
366.233  0.6437972
366.300  0.6440386
366.367  0.6442449
366.435  0.6444638
366.502  0.6446616
366.569  0.6448495
366.636  0.6450556
366.703  0.6452531
366.771  0.6454324
366.838  0.6456018
366.905  0.6458033
366.972  0.6459795
367.040  0.6461627
367.107  0.6463416
367.175  0.6465106
367.242  0.6467288
367.309  0.6469357
367.377  0.6471397
367.444  0.6473379
367.512  0.6475729
367.579  0.6477725
367.647  0.6479607
367.715  0.6481645
367.782  0.6483752
367.850  0.6485773
367.918  0.6487965
367.985  0.6489999
368.053  0.6492275
368.121  0.6494535
368.189  0.6496483
368.256  0.6498658
368.324  0.6500889
368.392  0.6502849
368.460  0.6505193
368.528  0.6507308
368.596  0.6509578
368.664  0.6511481
368.732  0.6513297
368.800  0.6515283
368.868  0.6517438
368.936  0.6519493
369.004  0.6521349
369.072  0.6523119
369.140  0.6525016
369.208  0.6527083
369.276  0.6529307
369.344  0.6531102
369.413  0.6533281
369.481  0.6535660
369.549  0.6537853
369.617  0.6539989
369.686  0.6541981
369.754  0.6543902
369.822  0.6545522
369.891  0.6547397
369.959  0.6549543
370.028  0.6551417
370.096  0.6553734
370.165  0.6555879
370.233  0.6557779
370.302  0.6559894
370.370  0.6562280
370.439  0.6564666
370.508  0.6566822
370.576  0.6568792
370.645  0.6571220
370.714  0.6573174
370.782  0.6575256
370.851  0.6577181
370.920  0.6578890
370.989  0.6580382
371.057  0.6582375
371.126  0.6584412
371.195  0.6586319
371.264  0.6587923
371.333  0.6589843
371.402  0.6591431
371.471  0.6593061
371.540  0.6594749
371.609  0.6596435
371.678  0.6598150
371.747  0.6599792
371.816  0.6601980
371.885  0.6603793
371.955  0.6605822
372.024  0.6607950
372.093  0.6610050
372.162  0.6611817
372.232  0.6613786
372.301  0.6615898
372.370  0.6617981
372.439  0.6620106
372.509  0.6622231
372.578  0.6624687
372.648  0.6626883
372.717  0.6629108
372.787  0.6631275
372.856  0.6633730
372.926  0.6635853
372.995  0.6637945
373.065  0.6640152
373.134  0.6642230
373.204  0.6644234
373.274  0.6646354
373.343  0.6648531
373.413  0.6650678
373.483  0.6652651
373.552  0.6654653
373.622  0.6656319
373.692  0.6658043
373.762  0.6659999
373.832  0.6662070
373.902  0.6663851
373.972  0.6666168
374.042  0.6668222
374.111  0.6670364
374.181  0.6672549
374.251  0.6674996
374.322  0.6677267
374.392  0.6679407
374.462  0.6681327
374.532  0.6683365
374.602  0.6685138
374.672  0.6686999
374.742  0.6689005
374.813  0.6690748
374.883  0.6692562
374.953  0.6694071
375.023  0.6695563
375.094  0.6697243
375.164  0.6698864
375.235  0.6700704
375.305  0.6702353
375.375  0.6704235
375.446  0.6706248
375.516  0.6708041
375.587  0.6709994
375.657  0.6712035
375.728  0.6714031
375.799  0.6715909
375.869  0.6717230
375.940  0.6718579
376.011  0.6720308
376.081  0.6722095
376.152  0.6723940
376.223  0.6725741
376.294  0.6727716
376.364  0.6730131
376.435  0.6732136
376.506  0.6734286
376.577  0.6736891
376.648  0.6738981
376.719  0.6741379
376.790  0.6744012
376.861  0.6746396
376.932  0.6748485
377.003  0.6750867
377.074  0.6753234
377.145  0.6755365
377.216  0.6757791
377.287  0.6759981
377.358  0.6762170
377.430  0.6764063
377.501  0.6766060
377.572  0.6768128
377.643  0.6770065
377.715  0.6771779
377.786  0.6773669
377.858  0.6775647
377.929  0.6777787
378.000  0.6780016
378.072  0.6782022
378.143  0.6784013
378.215  0.6785841
378.286  0.6787490
378.358  0.6789331
378.430  0.6791215
378.501  0.6793366
378.573  0.6795160
378.644  0.6796880
378.716  0.6798881
378.788  0.6800510
378.860  0.6802450
378.931  0.6804270
379.003  0.6806076
379.075  0.6807836
379.147  0.6809238
379.219  0.6810833
379.291  0.6812250
379.363  0.6813873
379.435  0.6815049
379.507  0.6816670
379.579  0.6818811
379.651  0.6820387
379.723  0.6822451
379.795  0.6824457
379.867  0.6826625
379.939  0.6828734
380.011  0.6831020
380.084  0.6832725
380.156  0.6834772
380.228  0.6836983
380.300  0.6838998
380.373  0.6841027
380.445  0.6842653
380.518  0.6844517
380.590  0.6846590
380.662  0.6848886
380.735  0.6851031
380.807  0.6853013
380.880  0.6855262
380.952  0.6857347
381.025  0.6859252
381.098  0.6861410
381.170  0.6863149
381.243  0.6864962
381.316  0.6867193
381.388  0.6869305
381.461  0.6871236
381.534  0.6872927
381.607  0.6874826
381.679  0.6876635
381.752  0.6878923
381.825  0.6881136
381.898  0.6882793
381.971  0.6884450
382.044  0.6886375
382.117  0.6888526
382.190  0.6891006
382.263  0.6893306
382.336  0.6895695
382.409  0.6897799
382.482  0.6899796
382.555  0.6901463
382.629  0.6903203
382.702  0.6904913
382.775  0.6906969
382.848  0.6909038
382.922  0.6910806
382.995  0.6912618
383.068  0.6914340
383.142  0.6915971
383.215  0.6917871
383.289  0.6919726
383.362  0.6921958
383.436  0.6923676
383.509  0.6925484
383.583  0.6927170
383.656  0.6928660
383.730  0.6930058
383.803  0.6931545
383.877  0.6933546
383.951  0.6935651
384.025  0.6937802
384.098  0.6939922
384.172  0.6941754
384.246  0.6943191
384.320  0.6944977
384.394  0.6946548
384.467  0.6948317
384.541  0.6950236
384.615  0.6951805
384.689  0.6953328
384.763  0.6955578
384.837  0.6958054
384.911  0.6960167
384.986  0.6962431
385.060  0.6964649
385.134  0.6966546
385.208  0.6968323
385.282  0.6970402
385.356  0.6972298
385.431  0.6973981
385.505  0.6975344
385.579  0.6976705
385.654  0.6978735
385.728  0.6981116
385.802  0.6983510
385.877  0.6985722
385.951  0.6988131
386.026  0.6990296
386.100  0.6992354
386.175  0.6994426
386.250  0.6996331
386.324  0.6998448
386.399  0.7000351
386.473  0.7002070
386.548  0.7003803
386.623  0.7005460
386.698  0.7006918
386.772  0.7008588
386.847  0.7010349
386.922  0.7011895
386.997  0.7013564
387.072  0.7015368
387.147  0.7017294
387.222  0.7018991
387.297  0.7020794
387.372  0.7022504
387.447  0.7024443
387.522  0.7026459
387.597  0.7028213
387.672  0.7029889
387.747  0.7031688
387.822  0.7033501
387.898  0.7035774
387.973  0.7037831
388.048  0.7039919
388.123  0.7041807
388.199  0.7043878
388.274  0.7045980
388.350  0.7047758
388.425  0.7049688
388.500  0.7051543
388.576  0.7053180
388.651  0.7054833
388.727  0.7056684
388.802  0.7058351
388.878  0.7059678
388.954  0.7061173
389.029  0.7062699
389.105  0.7064639
389.181  0.7066656
389.257  0.7068595
389.332  0.7070426
389.408  0.7072981
389.484  0.7075274
389.560  0.7077426
389.636  0.7079039
389.712  0.7080758
389.788  0.7082400
389.864  0.7084057
389.940  0.7086051
390.016  0.7088030
390.092  0.7089560
390.168  0.7091135
390.244  0.7092973
390.320  0.7094948
390.396  0.7097185
390.472  0.7099315
390.549  0.7101073
390.625  0.7103139
390.701  0.7105159
390.778  0.7106975
390.854  0.7108699
390.930  0.7110360
391.007  0.7111958
391.083  0.7113866
391.160  0.7115866
391.236  0.7117927
391.313  0.7119336
391.389  0.7120559
391.466  0.7121624
391.543  0.7122922
391.619  0.7123970
391.696  0.7125685
391.773  0.7127913
391.850  0.7130451
391.926  0.7133081
392.003  0.7135462
392.080  0.7137627
392.157  0.7139509
392.234  0.7141143
392.311  0.7143055
392.388  0.7144920
392.465  0.7146660
392.542  0.7148712
392.619  0.7150310
392.696  0.7152095
392.773  0.7154519
392.850  0.7156863
392.927  0.7159302
393.005  0.7161725
393.082  0.7163866
393.159  0.7165944
393.236  0.7167896
393.314  0.7169426
393.391  0.7170971
393.468  0.7172499
393.546  0.7174105
393.623  0.7175851
393.701  0.7177878
393.778  0.7179669
393.856  0.7181240
393.933  0.7183031
394.011  0.7185149
394.089  0.7187345
394.166  0.7189242
394.244  0.7191045
394.322  0.7192911
394.400  0.7194838
394.477  0.7196639
394.555  0.7198691
394.633  0.7200271
394.711  0.7201536
394.789  0.7202895
394.867  0.7204268
394.945  0.7206018
395.023  0.7207405
395.101  0.7208808
395.179  0.7210004
395.257  0.7211138
395.335  0.7212758
395.413  0.7214487
395.491  0.7216671
395.570  0.7218713
395.648  0.7220282
395.726  0.7221629
395.804  0.7223165
395.883  0.7225787
395.961  0.7228203
396.040  0.7230305
396.118  0.7232610
396.197  0.7234584
396.275  0.7236841
396.354  0.7239067
396.432  0.7241166
396.511  0.7243123
396.589  0.7245094
396.668  0.7246701
396.747  0.7248418
396.825  0.7250198
396.904  0.7252151
396.983  0.7253834
397.062  0.7255707
397.141  0.7257864
397.219  0.7259672
397.298  0.7261448
397.377  0.7263191
397.456  0.7264348
397.535  0.7265330
397.614  0.7266485
397.693  0.7267813
397.772  0.7268507
397.852  0.7269927
397.931  0.7271586
398.010  0.7273244
398.089  0.7274727
398.168  0.7276462
398.248  0.7277689
398.327  0.7278851
398.406  0.7280934
398.486  0.7283698
398.565  0.7286018
398.645  0.7288306
398.724  0.7291181
398.804  0.7294136
398.883  0.7296391
398.963  0.7298248
399.042  0.7300199
399.122  0.7301880
399.202  0.7303798
399.281  0.7304856
399.361  0.7306152
399.441  0.7307415
399.521  0.7308948
399.600  0.7310305
399.680  0.7311518
399.760  0.7312809
399.840  0.7313797
399.920  0.7314863
400.000  0.7316725
400.080  0.7318555
400.160  0.7320224
400.240  0.7322754
400.320  0.7324135
400.400  0.7325754
400.481  0.7328059
400.561  0.7330125
400.641  0.7331966
400.721  0.7333439
400.802  0.7335134
400.882  0.7337245
400.962  0.7338972
401.043  0.7340793
401.123  0.7342870
401.204  0.7344851
401.284  0.7346879
401.365  0.7348810
401.445  0.7350822
401.526  0.7352591
401.606  0.7354537
401.687  0.7356402
401.768  0.7358523
401.848  0.7360707
401.929  0.7362619
402.010  0.7364962
402.091  0.7367290
402.172  0.7369344
402.253  0.7370981
402.334  0.7372760
402.414  0.7374765
402.495  0.7376720
402.576  0.7378691
402.658  0.7380420
402.739  0.7381923
402.820  0.7383441
402.901  0.7385361
402.982  0.7387442
403.063  0.7389167
403.145  0.7391005
403.226  0.7392568
403.307  0.7394146
403.388  0.7395466
403.470  0.7397059
403.551  0.7398845
403.633  0.7399678
403.714  0.7400494
403.796  0.7401616
403.877  0.7403027
403.959  0.7404970
404.040  0.7407042
404.122  0.7409017
404.204  0.7410990
404.285  0.7413028
404.367  0.7414984
404.449  0.7417022
404.531  0.7418717
404.613  0.7419863
404.694  0.7420052
404.776  0.7421228
404.858  0.7423584
404.940  0.7425324
405.022  0.7425865
405.104  0.7426438
405.186  0.7428079
405.268  0.7430949
405.351  0.7433787
405.433  0.7436301
405.515  0.7438702
405.597  0.7441199
405.680  0.7443404
405.762  0.7445236
405.844  0.7446839
405.927  0.7448328
406.009  0.7450514
406.091  0.7451807
406.174  0.7453082
406.256  0.7455365
406.339  0.7457939
406.421  0.7460237
406.504  0.7462078
406.587  0.7464717
406.669  0.7466720
406.752  0.7468382
406.835  0.7470157
406.918  0.7471686
407.000  0.7473670
407.083  0.7475222
407.166  0.7476739
407.249  0.7478597
407.332  0.7480160
407.415  0.7481136
407.498  0.7482683
407.581  0.7483591
407.664  0.7484238
407.747  0.7485650
407.830  0.7485773
407.914  0.7486580
407.997  0.7489003
408.080  0.7490072
408.163  0.7489638
408.247  0.7489692
408.330  0.7491428
408.413  0.7493262
408.497  0.7495584
408.580  0.7498070
408.664  0.7500473
408.747  0.7503106
408.831  0.7504675
408.914  0.7506243
408.998  0.7508547
409.082  0.7511344
409.165  0.7513108
409.249  0.7514135
409.333  0.7515145
409.417  0.7516580
409.500  0.7518227
409.584  0.7520102
409.668  0.7522584
409.752  0.7525164
409.836  0.7527121
409.920  0.7528846
410.004  0.7530244
410.088  0.7531248
410.172  0.7531365
410.256  0.7531530
410.341  0.7533171
410.425  0.7534796
410.509  0.7536270
410.593  0.7539011
410.678  0.7541570
410.762  0.7543240
410.846  0.7544845
410.931  0.7547304
411.015  0.7549994
411.100  0.7552377
411.184  0.7554578
411.269  0.7556746
411.353  0.7558863
411.438  0.7560947
411.523  0.7563180
411.607  0.7564917
411.692  0.7565910
411.777  0.7567449
411.862  0.7569463
411.946  0.7570967
412.031  0.7572883
412.116  0.7574650
412.201  0.7576384
412.286  0.7578101
412.371  0.7579188
412.456  0.7580540
412.541  0.7580932
412.626  0.7581703
412.711  0.7582904
412.797  0.7584483
412.882  0.7585631
412.967  0.7585985
413.052  0.7586185
413.138  0.7587557
413.223  0.7589044
413.309  0.7589752
413.394  0.7589830
413.479  0.7592074
413.565  0.7593541
413.650  0.7595934
413.736  0.7599055
413.822  0.7601746
413.907  0.7605332
413.993  0.7608073
414.079  0.7610624
414.164  0.7613158
414.250  0.7615161
414.336  0.7617197
414.422  0.7618484
414.508  0.7619089
414.594  0.7620341
414.680  0.7622008
414.766  0.7623791
414.852  0.7625473
414.938  0.7627254
415.024  0.7628253
415.110  0.7629663
415.196  0.7631722
415.282  0.7633996
415.369  0.7636586
415.455  0.7638876
415.541  0.7641283
415.628  0.7643640
415.714  0.7645646
415.800  0.7647251
415.887  0.7648322
415.973  0.7649875
416.060  0.7651897
416.146  0.7653569
416.233  0.7654756
416.320  0.7656243
416.406  0.7658096
416.493  0.7659965
416.580  0.7661449
416.667  0.7662666
416.754  0.7664517
416.840  0.7666299
416.927  0.7667847
417.014  0.7669146
417.101  0.7670093
417.188  0.7671243
417.275  0.7672039
417.362  0.7673236
417.449  0.7675335
417.537  0.7677318
417.624  0.7679466
417.711  0.7680861
417.798  0.7681652
417.885  0.7682526
417.973  0.7684454
418.060  0.7686804
418.148  0.7688081
418.235  0.7688772
418.323  0.7690567
418.410  0.7692430
418.498  0.7693586
418.585  0.7694625
418.673  0.7695998
418.760  0.7697941
418.848  0.7700958
418.936  0.7703068
419.024  0.7704943
419.111  0.7706583
419.199  0.7708020
419.287  0.7708650
419.375  0.7708910
419.463  0.7710462
419.551  0.7712266
419.639  0.7713750
419.727  0.7714459
419.815  0.7716244
419.903  0.7717589
419.992  0.7719726
420.080  0.7722093
420.168  0.7723904
420.256  0.7725210
420.345  0.7725974
420.433  0.7727531
420.521  0.7729187
420.610  0.7731197
420.698  0.7732886
420.787  0.7734692
420.875  0.7735840
420.964  0.7736161
421.053  0.7737959
421.141  0.7739703
421.230  0.7741700
421.319  0.7743865
421.408  0.7746062
421.496  0.7748125
421.585  0.7750018
421.674  0.7751421
421.763  0.7752518
421.852  0.7753902
421.941  0.7754203
422.030  0.7754821
422.119  0.7755957
422.208  0.7757734
422.297  0.7759866
422.387  0.7762082
422.476  0.7763739
422.565  0.7765123
422.654  0.7766627
422.744  0.7768485
422.833  0.7770546
422.922  0.7772284
423.012  0.7773868
423.101  0.7775615
423.191  0.7777513
423.280  0.7779293
423.370  0.7780036
423.460  0.7779999
423.549  0.7781521
423.639  0.7782788
423.729  0.7784037
423.819  0.7785710
423.908  0.7787314
423.998  0.7787322
424.088  0.7787277
424.178  0.7789184
424.268  0.7792212
424.358  0.7792707
424.448  0.7792913
424.538  0.7793663
424.628  0.7796262
424.719  0.7798147
424.809  0.7800032
424.899  0.7801950
424.989  0.7806097
425.080  0.7809931
425.170  0.7811690
425.260  0.7812579
425.351  0.7814438
425.441  0.7816792
425.532  0.7818957
425.622  0.7821225
425.713  0.7823303
425.804  0.7824838
425.894  0.7827376
425.985  0.7828960
426.076  0.7830455
426.167  0.7831612
426.257  0.7833381
426.348  0.7835031
426.439  0.7836596
426.530  0.7838552
426.621  0.7840046
426.712  0.7840514
426.803  0.7840400
426.894  0.7840182
426.985  0.7841247
427.077  0.7843019
427.168  0.7842740
427.259  0.7843419
427.350  0.7844712
427.442  0.7847407
427.533  0.7849400
427.625  0.7849698
427.716  0.7851091
427.807  0.7853065
427.899  0.7853514
427.991  0.7855128
428.082  0.7857936
428.174  0.7859734
428.266  0.7861273
428.357  0.7863481
428.449  0.7866581
428.541  0.7869011
428.633  0.7870428
428.725  0.7871810
428.816  0.7873759
428.908  0.7876289
429.000  0.7878992
429.092  0.7880827
429.185  0.7882456
429.277  0.7884651
429.369  0.7886639
429.461  0.7888215
429.553  0.7889841
429.646  0.7891551
429.738  0.7892778
429.830  0.7893765
429.923  0.7894164
430.015  0.7894079
430.108  0.7895100
430.200  0.7895656
430.293  0.7894902
430.385  0.7895696
430.478  0.7897163
430.571  0.7899073
430.663  0.7899951
430.756  0.7900708
430.849  0.7901963
430.942  0.7904424
431.034  0.7907325
431.127  0.7908215
431.220  0.7909795
431.313  0.7911442
431.406  0.7913296
431.499  0.7914993
431.593  0.7917260
431.686  0.7919630
431.779  0.7921257
431.872  0.7923661
431.965  0.7926099
432.059  0.7928313
432.152  0.7930011
432.246  0.7931516
432.339  0.7933644
432.432  0.7935857
432.526  0.7937361
432.620  0.7937843
432.713  0.7939295
432.807  0.7940120
432.900  0.7940548
432.994  0.7941461
433.088  0.7942561
433.182  0.7943750
433.276  0.7944333
433.369  0.7944948
433.463  0.7946168
433.557  0.7947649
433.651  0.7948141
433.745  0.7949655
433.839  0.7950959
433.934  0.7952228
434.028  0.7954748
434.122  0.7957363
434.216  0.7959352
434.311  0.7960611
434.405  0.7961923
434.499  0.7963146
434.594  0.7963205
434.688  0.7962256
434.783  0.7961115
434.877  0.7962439
434.972  0.7961781
435.066  0.7964819
435.161  0.7966067
435.256  0.7968112
435.350  0.7972260
435.445  0.7975124
435.540  0.7976874
435.635  0.7978258
435.730  0.7979623
435.825  0.7981667
435.920  0.7984353
436.015  0.7985906
436.110  0.7986910
436.205  0.7989199
436.300  0.7991192
436.395  0.7992767
436.491  0.7994655
436.586  0.7996943
436.681  0.7998185
436.777  0.8000122
436.872  0.8002392
436.967  0.8004784
437.063  0.8007404
437.158  0.8009281
437.254  0.8011089
437.350  0.8012635
437.445  0.8014459
437.541  0.8016316
437.637  0.8017721
437.733  0.8019157
437.828  0.8020594
437.924  0.8022363
438.020  0.8024126
438.116  0.8025468
438.212  0.8026478
438.308  0.8027328
438.404  0.8027741
438.500  0.8026928
438.596  0.8024994
438.693  0.8024650
438.789  0.8024674
438.885  0.8025239
438.982  0.8024333
439.078  0.8026194
439.174  0.8029311
439.271  0.8028717
439.367  0.8028821
439.464  0.8030623
439.560  0.8033703
439.657  0.8035748
439.754  0.8039056
439.850  0.8041222
439.947  0.8042004
440.044  0.8044048
440.141  0.8045252
440.238  0.8046966
440.335  0.8049593
440.432  0.8053286
440.529  0.8056265
440.626  0.8059049
440.723  0.8060688
440.820  0.8061662
440.917  0.8063620
441.014  0.8064979
441.112  0.8065987
441.209  0.8067418
441.306  0.8068870
441.404  0.8069130
441.501  0.8073557
441.599  0.8071681
441.696  0.8077024
441.794  0.8074739
441.891  0.8076450
441.989  0.8082042
442.087  0.8083589
442.184  0.8084420
442.282  0.8079212
442.380  0.8082584
442.478  0.8087263
442.576  0.8084523
442.674  0.8074430
442.772  0.8068375
442.870  0.8084538
442.968  0.8083733
443.066  0.8079072
443.164  0.8090109
443.262  0.8094873
443.361  0.8098225
443.459  0.8099604
443.557  0.8098676
443.656  0.8101139
443.754  0.8102431
443.853  0.8097673
443.951  0.8105209
444.050  0.8101913
444.148  0.8108145
444.247  0.8101615
444.346  0.8100818
444.444  0.8109631
444.543  0.8109705
444.642  0.8109497
444.741  0.8111782
444.840  0.8096506
444.939  0.8105217
445.038  0.8104475
445.137  0.8111388
445.236  0.8114498
445.335  0.8105881
445.434  0.8119883
445.534  0.8122291
445.633  0.8115418
445.732  0.8124944
445.831  0.8127412
445.931  0.8117609
446.030  0.8133008
446.130  0.8135508
446.229  0.8136937
446.329  0.8136990
446.429  0.8133264
446.528  0.8135108
446.628  0.8145040
446.728  0.8147115
446.828  0.8147574
446.927  0.8150465
447.027  0.8149887
447.127  0.8148416
447.227  0.8154423
447.327  0.8154751
447.427  0.8156269
447.527  0.8157153
447.628  0.8155962
447.728  0.8158054
447.828  0.8156373
447.928  0.8157203
448.029  0.8156213
448.129  0.8156544
448.229  0.8155428
448.330  0.8154048
448.430  0.8155940
448.531  0.8157364
448.632  0.8158791
448.732  0.8161729
448.833  0.8166182
448.934  0.8169813
449.035  0.8173533
449.135  0.8174590
449.236  0.8175308
449.337  0.8177790
449.438  0.8180465
449.539  0.8182357
449.640  0.8183660
449.741  0.8185284
449.843  0.8187568
449.944  0.8189792
450.045  0.8190959
450.146  0.8193174
450.248  0.8195012
450.349  0.8196439
450.450  0.8197597
450.552  0.8198235
450.653  0.8198497
450.755  0.8198810
450.857  0.8199915
450.958  0.8201408
451.060  0.8202807
451.162  0.8203520
451.264  0.8205233
451.365  0.8207375
451.467  0.8208697
451.569  0.8210174
451.671  0.8211782
451.773  0.8213185
451.875  0.8215055
451.977  0.8217071
452.080  0.8218209
452.182  0.8218169
452.284  0.8219023
452.386  0.8219769
452.489  0.8220462
452.591  0.8222698
452.694  0.8224427
452.796  0.8226047
452.899  0.8226741
453.001  0.8227319
453.104  0.8228626
453.206  0.8230094
453.309  0.8232529
453.412  0.8234877
453.515  0.8236576
453.618  0.8237271
453.721  0.8237748
453.823  0.8238512
453.926  0.8240317
454.030  0.8242112
454.133  0.8244492
454.236  0.8247198
454.339  0.8249056
454.442  0.8250463
454.545  0.8252337
454.649  0.8253547
454.752  0.8254887
454.856  0.8255801
454.959  0.8256110
455.063  0.8255019
455.166  0.8255254
455.270  0.8256624
455.373  0.8258479
455.477  0.8260293
455.581  0.8260960
455.685  0.8262665
455.789  0.8264684
455.892  0.8266119
455.996  0.8267621
456.100  0.8269695
456.204  0.8270789
456.308  0.8271392
456.413  0.8271542
456.517  0.8272923
456.621  0.8274063
456.725  0.8276073
456.830  0.8278171
456.934  0.8279638
457.038  0.8282107
457.143  0.8284479
457.247  0.8285799
457.352  0.8286753
457.457  0.8287297
457.561  0.8287726
457.666  0.8288120
457.771  0.8287976
457.875  0.8287361
457.980  0.8286976
458.085  0.8287282
458.190  0.8288666
458.295  0.8289682
458.400  0.8289930
458.505  0.8290620
458.610  0.8291638
458.716  0.8294681
458.821  0.8296730
458.926  0.8297023
459.031  0.8297625
459.137  0.8299439
459.242  0.8301429
459.348  0.8303132
459.453  0.8305556
459.559  0.8308363
459.664  0.8309813
459.770  0.8309811
459.876  0.8310968
459.982  0.8311127
460.087  0.8311778
460.193  0.8313469
460.299  0.8314431
460.405  0.8315922
460.511  0.8317025
460.617  0.8317014
460.723  0.8318175
460.829  0.8318299
460.936  0.8319168
461.042  0.8319413
461.148  0.8319301
461.255  0.8321634
461.361  0.8324247
461.467  0.8325474
461.574  0.8327173
461.681  0.8329873
461.787  0.8330412
461.894  0.8331454
462.000  0.8333725
462.107  0.8335461
462.214  0.8337354
462.321  0.8339330
462.428  0.8341320
462.535  0.8342817
462.642  0.8344087
462.749  0.8344896
462.856  0.8346232
462.963  0.8347511
463.070  0.8348518
463.177  0.8349179
463.285  0.8349045
463.392  0.8349065
463.499  0.8346853
463.607  0.8345967
463.714  0.8347573
463.822  0.8350541
463.929  0.8351199
464.037  0.8352329
464.145  0.8354219
464.253  0.8356381
464.360  0.8359455
464.468  0.8362128
464.576  0.8364218
464.684  0.8365426
464.792  0.8367679
464.900  0.8369926
465.008  0.8370215
465.116  0.8372011
465.224  0.8374262
465.333  0.8376307
465.441  0.8378059
465.549  0.8379777
465.658  0.8381727
465.766  0.8383806
465.875  0.8385722
465.983  0.8388195
466.092  0.8390346
466.200  0.8392069
466.309  0.8393086
466.418  0.8394666
466.527  0.8395832
466.636  0.8396616
466.744  0.8397868
466.853  0.8398020
466.962  0.8397934
467.071  0.8398404
467.181  0.8398346
467.290  0.8396879
467.399  0.8397321
467.508  0.8396682
467.617  0.8399058
467.727  0.8400492
467.836  0.8403104
467.946  0.8405044
468.055  0.8405525
468.165  0.8407352
468.274  0.8408258
468.384  0.8408931
468.494  0.8409074
468.604  0.8411174
468.713  0.8410512
468.823  0.8413694
468.933  0.8417251
469.043  0.8419373
469.153  0.8418113
469.263  0.8419882
469.373  0.8420488
469.484  0.8423947
469.594  0.8420117
469.704  0.8422936
469.814  0.8422043
469.925  0.8428831
470.035  0.8428083
470.146  0.8425934
470.256  0.8430770
470.367  0.8430069
470.478  0.8433743
470.588  0.8435220
470.699  0.8435640
470.810  0.8437016
470.921  0.8437093
471.032  0.8439347
471.143  0.8441574
471.254  0.8440082
471.365  0.8443390
471.476  0.8445013
471.587  0.8447721
471.698  0.8446794
471.809  0.8449569
471.921  0.8451144
472.032  0.8451951
472.144  0.8449316
472.255  0.8450416
472.367  0.8450515
472.478  0.8455818
472.590  0.8456836
472.701  0.8457759
472.813  0.8455479
472.925  0.8460517
473.037  0.8460658
473.149  0.8463834
473.261  0.8464316
473.373  0.8461900
473.485  0.8465300
473.597  0.8468232
473.709  0.8468506
473.821  0.8467687
473.934  0.8469779
474.046  0.8469211
474.158  0.8465145
474.271  0.8466862
474.383  0.8468380
474.496  0.8470098
474.608  0.8469816
474.721  0.8471874
474.834  0.8473609
474.947  0.8475295
475.059  0.8476750
475.172  0.8477644
475.285  0.8479094
475.398  0.8480894
475.511  0.8482425
475.624  0.8484191
475.737  0.8485905
475.851  0.8487126
475.964  0.8487519
476.077  0.8488431
476.190  0.8489496
476.304  0.8490468
476.417  0.8491237
476.531  0.8492731
476.644  0.8493370
476.758  0.8494629
476.872  0.8496284
476.985  0.8497577
477.099  0.8497515
477.213  0.8499316
477.327  0.8499841
477.441  0.8501174
477.555  0.8502146
477.669  0.8502662
477.783  0.8503284
477.897  0.8504526
478.011  0.8504974
478.126  0.8505436
478.240  0.8506634
478.354  0.8507818
478.469  0.8507626
478.583  0.8508974
478.698  0.8510660
478.813  0.8511340
478.927  0.8511575
479.042  0.8511694
479.157  0.8511267
479.272  0.8510886
479.386  0.8510132
479.501  0.8510637
479.616  0.8511230
479.731  0.8511807
479.846  0.8513333
479.962  0.8515036
480.077  0.8517167
480.192  0.8518614
480.307  0.8519551
480.423  0.8520476
480.538  0.8521395
480.654  0.8522612
480.769  0.8523805
480.885  0.8525122
481.000  0.8525775
481.116  0.8526162
481.232  0.8526904
481.348  0.8528004
481.464  0.8528960
481.580  0.8529295
481.696  0.8529995
481.812  0.8530288
481.928  0.8532160
482.044  0.8533724
482.160  0.8535444
482.276  0.8537006
482.393  0.8538686
482.509  0.8540377
482.625  0.8542085
482.742  0.8543561
482.859  0.8544859
482.975  0.8545752
483.092  0.8547393
483.208  0.8548968
483.325  0.8550583
483.442  0.8552489
483.559  0.8554391
483.676  0.8555589
483.793  0.8556928
483.910  0.8558123
484.027  0.8558855
484.144  0.8559950
484.262  0.8561160
484.379  0.8561997
484.496  0.8561623
484.613  0.8564346
484.731  0.8563725
484.849  0.8565440
484.966  0.8565424
485.084  0.8567349
485.201  0.8568895
485.319  0.8569333
485.437  0.8571081
485.555  0.8573686
485.673  0.8572574
485.791  0.8570829
485.909  0.8576267
486.027  0.8578803
486.145  0.8579858
486.263  0.8580218
486.381  0.8582244
486.500  0.8583411
486.618  0.8583926
486.736  0.8586173
486.855  0.8588482
486.973  0.8588413
487.092  0.8591576
487.211  0.8588811
487.329  0.8591604
487.448  0.8593007
487.567  0.8594849
487.686  0.8597355
487.805  0.8597989
487.924  0.8596307
488.043  0.8599759
488.162  0.8597794
488.281  0.8600302
488.400  0.8599880
488.520  0.8595958
488.639  0.8594699
488.759  0.8594638
488.878  0.8594444
488.998  0.8598821
489.117  0.8600129
489.237  0.8600710
489.356  0.8602155
489.476  0.8603179
489.596  0.8605353
489.716  0.8607923
489.836  0.8608800
489.956  0.8610341
490.076  0.8612723
490.196  0.8613738
490.316  0.8613443
490.436  0.8615155
490.557  0.8617044
490.677  0.8619734
490.798  0.8621370
490.918  0.8623390
491.039  0.8624703
491.159  0.8626052
491.280  0.8626940
491.400  0.8626403
491.521  0.8628750
491.642  0.8629825
491.763  0.8630965
491.884  0.8630665
492.005  0.8633009
492.126  0.8633602
492.247  0.8633976
492.368  0.8634421
492.490  0.8634954
492.611  0.8636187
492.732  0.8637380
492.854  0.8639065
492.975  0.8640465
493.097  0.8641073
493.218  0.8641259
493.340  0.8641468
493.462  0.8641799
493.583  0.8642608
493.705  0.8643776
493.827  0.8644531
493.949  0.8644993
494.071  0.8645483
494.193  0.8646296
494.315  0.8646684
494.438  0.8647241
494.560  0.8648121
494.682  0.8648711
494.805  0.8649765
494.927  0.8651711
495.049  0.8653035
495.172  0.8654420
495.295  0.8655509
495.417  0.8656542
495.540  0.8656635
495.663  0.8656905
495.786  0.8657844
495.909  0.8658899
496.032  0.8659575
496.155  0.8660373
496.278  0.8661338
496.401  0.8662120
496.524  0.8662681
496.648  0.8662880
496.771  0.8663687
496.894  0.8664180
497.018  0.8665204
497.141  0.8666437
497.265  0.8667386
497.389  0.8669220
497.512  0.8670620
497.636  0.8671932
497.760  0.8672975
497.884  0.8674693
498.008  0.8675581
498.132  0.8676419
498.256  0.8678214
498.380  0.8679091
498.504  0.8679327
498.629  0.8680027
498.753  0.8680659
498.878  0.8681122
499.002  0.8682046
499.127  0.8682532
499.251  0.8683013
499.376  0.8683971
499.501  0.8684679
499.625  0.8685212
499.750  0.8685840
499.875  0.8684651
500.000  0.8686425
500.125  0.8685082
500.250  0.8684748
500.375  0.8685461
500.500  0.8687656
500.626  0.8686419
500.751  0.8688178
500.877  0.8687286
501.002  0.8684532
501.128  0.8686040
501.253  0.8688861
501.379  0.8685434
501.505  0.8687535
501.630  0.8686036
501.756  0.8683872
501.882  0.8683257
502.008  0.8670446
502.134  0.8677601
502.260  0.8688766
502.386  0.8688274
502.513  0.8687082
502.639  0.8679990
502.765  0.8673417
502.892  0.8689166
503.018  0.8651202
503.145  0.8675892
503.271  0.8682878
503.398  0.8681302
503.525  0.8669498
503.651  0.8601434
503.778  0.8676763
503.905  0.8599608
504.032  0.8661597
504.159  0.8669056
504.286  0.8660513
504.414  0.8618974
504.541  0.8659571
504.668  0.8687004
504.796  0.8694925
504.923  0.8677843
505.050  0.8689637
505.178  0.8687679
505.306  0.8700643
505.433  0.8687400
505.561  0.8693492
505.689  0.8704063
505.817  0.8671005
505.945  0.8648230
506.073  0.8698722
506.201  0.8671984
506.329  0.8708964
506.457  0.8714200
506.586  0.8714336
506.714  0.8684806
506.842  0.8662068
506.971  0.8702148
507.099  0.8697562
507.228  0.8709991
507.357  0.8717091
507.485  0.8675425
507.614  0.8723866
507.743  0.8676950
507.872  0.8712839
508.001  0.8688556
508.130  0.8709324
508.259  0.8727155
508.388  0.8725193
508.518  0.8707653
508.647  0.8725264
508.776  0.8699622
508.906  0.8728762
509.035  0.8734880
509.165  0.8738376
509.295  0.8734465
509.424  0.8719100
509.554  0.8716591
509.684  0.8734494
509.814  0.8735910
509.944  0.8741415
510.074  0.8738651
510.204  0.8743276
510.334  0.8728191
510.465  0.8744834
510.595  0.8745127
510.725  0.8751584
510.856  0.8746901
510.986  0.8753668
511.117  0.8748213
511.247  0.8749842
511.378  0.8750763
511.509  0.8756598
511.640  0.8756200
511.771  0.8757646
511.902  0.8761161
512.033  0.8760505
512.164  0.8757853
512.295  0.8762537
512.426  0.8760510
512.558  0.8763225
512.689  0.8763586
512.821  0.8761738
512.952  0.8767635
513.084  0.8763668
513.215  0.8769500
513.347  0.8770758
513.479  0.8771620
513.611  0.8772398
513.743  0.8773061
513.875  0.8773741
514.007  0.8774815
514.139  0.8775979
514.271  0.8777144
514.403  0.8777285
514.536  0.8777883
514.668  0.8778792
514.800  0.8779677
514.933  0.8780345
515.066  0.8781437
515.198  0.8782443
515.331  0.8783318
515.464  0.8784291
515.597  0.8785208
515.730  0.8785662
515.863  0.8786197
515.996  0.8786990
516.129  0.8787880
516.262  0.8789105
516.396  0.8789519
516.529  0.8790096
516.662  0.8791165
516.796  0.8792479
516.929  0.8793284
517.063  0.8794477
517.197  0.8795127
517.331  0.8795363
517.464  0.8796070
517.598  0.8797127
517.732  0.8797884
517.866  0.8797577
518.001  0.8797974
518.135  0.8798552
518.269  0.8798573
518.403  0.8798461
518.538  0.8798392
518.672  0.8799360
518.807  0.8799834
518.941  0.8800888
519.076  0.8802682
519.211  0.8803652
519.346  0.8804104
519.481  0.8804255
519.615  0.8804739
519.751  0.8805595
519.886  0.8806071
520.021  0.8807246
520.156  0.8807579
520.291  0.8807713
520.427  0.8808313
520.562  0.8809462
520.698  0.8810569
520.833  0.8811206
520.969  0.8811815
521.105  0.8812450
521.241  0.8813138
521.376  0.8814477
521.512  0.8814888
521.648  0.8815051
521.784  0.8815868
521.921  0.8816464
522.057  0.8816542
522.193  0.8817177
522.330  0.8817803
522.466  0.8818262
522.603  0.8818278
522.739  0.8818265
522.876  0.8818690
523.013  0.8819004
523.149  0.8818774
523.286  0.8819403
523.423  0.8819473
523.560  0.8821080
523.697  0.8820319
523.834  0.8820352
523.972  0.8820763
524.109  0.8814656
524.246  0.8818993
524.384  0.8819410
524.521  0.8818693
524.659  0.8817322
524.797  0.8819275
524.934  0.8819237
525.072  0.8821020
525.210  0.8816456
525.348  0.8816760
525.486  0.8816626
525.624  0.8819335
525.762  0.8819549
525.901  0.8820766
526.039  0.8821522
526.177  0.8821248
526.316  0.8820022
526.454  0.8820918
526.593  0.8820657
526.732  0.8818200
526.870  0.8819277
527.009  0.8820422
527.148  0.8822057
527.287  0.8821584
527.426  0.8824760
527.565  0.8824863
527.704  0.8824975
527.844  0.8823069
527.983  0.8823909
528.123  0.8825413
528.262  0.8825676
528.402  0.8826168
528.541  0.8823062
528.681  0.8826757
528.821  0.8827375
528.961  0.8825038
529.101  0.8828060
529.241  0.8825711
529.381  0.8828868
529.521  0.8827967
529.661  0.8829289
529.801  0.8828637
529.942  0.8828903
530.082  0.8830261
530.223  0.8830196
530.363  0.8831242
530.504  0.8830290
530.645  0.8830635
530.786  0.8831086
530.926  0.8833084
531.067  0.8832721
531.208  0.8833117
531.350  0.8834587
531.491  0.8834826
531.632  0.8835116
531.773  0.8835788
531.915  0.8836154
532.056  0.8836727
532.198  0.8837119
532.340  0.8837605
532.481  0.8837459
532.623  0.8838927
532.765  0.8839757
532.907  0.8840801
533.049  0.8841589
533.191  0.8842026
533.333  0.8843091
533.476  0.8844344
533.618  0.8845276
533.760  0.8846268
533.903  0.8847089
534.045  0.8847662
534.188  0.8848940
534.331  0.8849616
534.474  0.8850463
534.616  0.8851844
534.759  0.8852735
534.902  0.8853616
535.046  0.8855099
535.189  0.8856471
535.332  0.8857438
535.475  0.8858510
535.619  0.8859668
535.762  0.8860600
535.906  0.8861562
536.049  0.8862163
536.193  0.8862046
536.337  0.8863853
536.481  0.8864465
536.625  0.8865607
536.769  0.8866713
536.913  0.8867753
537.057  0.8868517
537.201  0.8869090
537.346  0.8869857
537.490  0.8870731
537.634  0.8871467
537.779  0.8870288
537.924  0.8872225
538.068  0.8872252
538.213  0.8871150
538.358  0.8872247
538.503  0.8871737
538.648  0.8874164
538.793  0.8870704
538.938  0.8873423
539.084  0.8874365
539.229  0.8873156
539.374  0.8874865
539.520  0.8878194
539.665  0.8876014
539.811  0.8872406
539.957  0.8866576
540.103  0.8878657
540.249  0.8878075
540.394  0.8867508
540.541  0.8879328
540.687  0.8874461
540.833  0.8864875
540.979  0.8858670
541.126  0.8850301
541.272  0.8878771
541.419  0.8854658
541.565  0.8848102
541.712  0.8872740
541.859  0.8873408
542.005  0.8872802
542.152  0.8853247
542.299  0.8875668
542.446  0.8862856
542.594  0.8878961
542.741  0.8881536
542.888  0.8878856
543.036  0.8875005
543.183  0.8880012
543.331  0.8878619
543.478  0.8879452
543.626  0.8868287
543.774  0.8861729
543.922  0.8871262
544.070  0.8879271
544.218  0.8884525
544.366  0.8880213
544.514  0.8876836
544.662  0.8886937
544.811  0.8882933
544.959  0.8874942
545.108  0.8869306
545.256  0.8888357
545.405  0.8884500
545.554  0.8891658
545.703  0.8877798
545.852  0.8864118
546.001  0.8883457
546.150  0.8871043
546.299  0.8883131
546.448  0.8864454
546.597  0.8888198
546.747  0.8890934
546.896  0.8882784
547.046  0.8898771
547.196  0.8881600
547.345  0.8900157
547.495  0.8891285
547.645  0.8901928
547.795  0.8894392
547.945  0.8889913
548.095  0.8900114
548.246  0.8896470
548.396  0.8902152
548.546  0.8901593
548.697  0.8904382
548.847  0.8897439
548.998  0.8906134
549.149  0.8904614
549.300  0.8904882
549.451  0.8907873
549.602  0.8905040
549.753  0.8907418
549.904  0.8907719
550.055  0.8908413
550.206  0.8912287
550.358  0.8910428
550.509  0.8913020
550.661  0.8914337
550.812  0.8915090
550.964  0.8913880
551.116  0.8914565
551.268  0.8916560
551.420  0.8918849
551.572  0.8917669
551.724  0.8917368
551.876  0.8920307
552.029  0.8920966
552.181  0.8920871
552.334  0.8919844
552.486  0.8920767
552.639  0.8920296
552.792  0.8922384
552.944  0.8921765
553.097  0.8922218
553.250  0.8922680
553.403  0.8923921
553.557  0.8924887
553.710  0.8925550
553.863  0.8925704
554.017  0.8926421
554.170  0.8926757
554.324  0.8927311
554.477  0.8927834
554.631  0.8928561
554.785  0.8929200
554.939  0.8929801
555.093  0.8930123
555.247  0.8930338
555.401  0.8930651
555.556  0.8931149
555.710  0.8931765
555.864  0.8931977
556.019  0.8932434
556.174  0.8932471
556.328  0.8932461
556.483  0.8932556
556.638  0.8932699
556.793  0.8933146
556.948  0.8933199
557.103  0.8933413
557.258  0.8933601
557.414  0.8933622
557.569  0.8933864
557.724  0.8933872
557.880  0.8933857
558.036  0.8933697
558.191  0.8933701
558.347  0.8933934
558.503  0.8934190
558.659  0.8934186
558.815  0.8934307
558.971  0.8934487
559.128  0.8934728
559.284  0.8934649
559.441  0.8934357
559.597  0.8934388
559.754  0.8934693
559.910  0.8934441
560.067  0.8934223
560.224  0.8934119
560.381  0.8933856
560.538  0.8933885
560.695  0.8933667
560.852  0.8933681
561.010  0.8933202
561.167  0.8933187
561.325  0.8933346
561.482  0.8933080
561.640  0.8932907
561.798  0.8932923
561.956  0.8932891
562.114  0.8932942
562.272  0.8932894
562.430  0.8932591
562.588  0.8932207
562.746  0.8932206
562.905  0.8930936
563.063  0.8932106
563.222  0.8931869
563.380  0.8929957
563.539  0.8930811
563.698  0.8930326
563.857  0.8931577
564.016  0.8930654
564.175  0.8930925
564.334  0.8930767
564.493  0.8931180
564.653  0.8931534
564.812  0.8932353
564.972  0.8932819
565.131  0.8931740
565.291  0.8932700
565.451  0.8933682
565.611  0.8933127
565.771  0.8934974
565.931  0.8935158
566.091  0.8935810
566.251  0.8935763
566.412  0.8934452
566.572  0.8937325
566.733  0.8932622
566.893  0.8934258
567.054  0.8936845
567.215  0.8935048
567.376  0.8934861
567.537  0.8925679
567.698  0.8932564
567.859  0.8927498
568.020  0.8936824
568.182  0.8919442
568.343  0.8910840
568.505  0.8890918
568.666  0.8902820
568.828  0.8880791
568.990  0.8914870
569.152  0.8857549
569.314  0.8937598
569.476  0.8861799
569.638  0.8931595
569.801  0.8912440
569.963  0.8877714
570.125  0.8896567
570.288  0.8897964
570.451  0.8928083
570.613  0.8930465
570.776  0.8929383
570.939  0.8937043
571.102  0.8940833
571.265  0.8919816
571.429  0.8939965
571.592  0.8925908
571.755  0.8940907
571.919  0.8906985
572.082  0.8887788
572.246  0.8925359
572.410  0.8910174
572.574  0.8926096
572.738  0.8944936
572.902  0.8913735
573.066  0.8885875
573.230  0.8943456
573.394  0.8935146
573.559  0.8944532
573.724  0.8934311
573.888  0.8905743
574.053  0.8941447
574.218  0.8949826
574.383  0.8924247
574.548  0.8945407
574.713  0.8890560
574.878  0.8939778
575.043  0.8956067
575.208  0.8953579
575.374  0.8936430
575.540  0.8934546
575.705  0.8951497
575.871  0.8955802
576.037  0.8946134
576.203  0.8959294
576.369  0.8948925
576.535  0.8950057
576.701  0.8968162
576.868  0.8955336
577.034  0.8959784
577.201  0.8964465
577.367  0.8947469
577.534  0.8959026
577.701  0.8965236
577.868  0.8971724
578.035  0.8973735
578.202  0.8975210
578.369  0.8969506
578.536  0.8975836
578.704  0.8977221
578.871  0.8977748
579.039  0.8979384
579.206  0.8981787
579.374  0.8982962
579.542  0.8980116
579.710  0.8986535
579.878  0.8984721
580.046  0.8987824
580.215  0.8989102
580.383  0.8991228
580.552  0.8992253
580.720  0.8987636
580.889  0.8995624
581.058  0.8997537
581.226  0.8999190
581.395  0.9000261
581.564  0.8997451
581.734  0.9000572
581.903  0.9001300
582.072  0.9002773
582.242  0.9003994
582.411  0.9000703
582.581  0.9006218
582.751  0.9008901
582.920  0.9002277
583.090  0.9007644
583.260  0.9009974
583.431  0.9009318
583.601  0.9007108
583.771  0.9012630
583.942  0.9009583
584.112  0.9013183
584.283  0.9012998
584.454  0.9009624
584.624  0.9016926
584.795  0.9010939
584.966  0.9013488
585.138  0.9019042
585.309  0.9003546
585.480  0.9021606
585.651  0.9013189
585.823  0.9022228
585.995  0.9014588
586.167  0.9004206
586.338  0.9003325
586.510  0.9019848
586.682  0.8990726
586.854  0.9007188
587.027  0.9015014
587.199  0.8979041
587.372  0.9000148
587.544  0.9002822
587.717  0.8937783
587.889  0.8980020
588.062  0.8945797
588.235  0.8920393
588.408  0.8891650
588.581  0.8888672
588.755  0.8783564
588.928  0.8789277
589.102  0.8736757
589.275  0.8796049
589.449  0.8803234
589.623  0.8925797
589.797  0.8859766
589.971  0.8779619
590.145  0.8684223
590.319  0.8723921
590.493  0.8919708
590.667  0.8944532
590.842  0.8942824
591.017  0.8847344
591.191  0.8821371
591.366  0.8951724
591.541  0.8880127
591.716  0.8855946
591.891  0.8948568
592.066  0.8507739
592.242  0.8927025
592.417  0.8882052
592.593  0.8630288
592.768  0.9012586
592.944  0.8947113
593.120  0.8991336
593.296  0.8863388
593.472  0.8924913
593.648  0.8994516
593.824  0.8971970
594.001  0.8972948
594.177  0.8914114
594.354  0.8443530
594.530  0.8953974
594.707  0.8700574
594.884  0.8812961
595.061  0.8766627
595.238  0.8902504
595.415  0.9025226
595.593  0.8954469
595.770  0.8957952
595.948  0.8818538
596.125  0.8980389
596.303  0.9003096
596.481  0.8987563
596.659  0.9013240
596.837  0.8886990
597.015  0.8800754
597.193  0.8975281
597.372  0.8945013
597.550  0.9020879
597.729  0.8911791
597.907  0.8853880
598.086  0.9018916
598.265  0.8970520
598.444  0.9012782
598.623  0.8970080
598.802  0.8998817
598.982  0.8984907
599.161  0.8925640
599.341  0.8990197
599.520  0.9012253
599.700  0.9002565
599.880  0.8998679
600.060  0.8989071
600.240  0.9017320
600.420  0.9011017
600.601  0.9009954
600.781  0.9028245
600.962  0.9029926
601.142  0.9027100
601.323  0.9029431
601.504  0.9036404
601.685  0.9002202
601.866  0.9041452
602.047  0.9034450
602.228  0.9041708
602.410  0.9042875
602.591  0.9039146
602.773  0.9041943
602.954  0.9041484
603.136  0.9047079
603.318  0.9044285
603.500  0.9050079
603.682  0.9048746
603.865  0.9050095
604.047  0.9053043
604.230  0.9049581
604.412  0.9055210
604.595  0.9056364
604.778  0.9057412
604.961  0.9058354
605.144  0.9059385
605.327  0.9060595
605.510  0.9061814
605.694  0.9062977
605.877  0.9064289
606.061  0.9065718
606.244  0.9067107
606.428  0.9068505
606.612  0.9069768
606.796  0.9071078
606.980  0.9072508
607.165  0.9074062
607.349  0.9075418
607.533  0.9076860
607.718  0.9078049
607.903  0.9079404
608.088  0.9080895
608.273  0.9082520
608.458  0.9084008
608.643  0.9085540
608.828  0.9087052
609.013  0.9088484
609.199  0.9090071
609.385  0.9091731
609.570  0.9093197
609.756  0.9094737
609.942  0.9096254
610.128  0.9097836
610.314  0.9099353
610.501  0.9100983
610.687  0.9102413
610.874  0.9103705
611.060  0.9105100
611.247  0.9106450
611.434  0.9107638
611.621  0.9109140
611.808  0.9110625
611.995  0.9112028
612.182  0.9113028
612.370  0.9114725
612.557  0.9115619
612.745  0.9116966
612.933  0.9119188
613.121  0.9121134
613.309  0.9122695
613.497  0.9124174
613.685  0.9125548
613.874  0.9126827
614.062  0.9128540
614.251  0.9129764
614.439  0.9131224
614.628  0.9132798
614.817  0.9134293
615.006  0.9135608
615.195  0.9137025
615.385  0.9138267
615.574  0.9139524
615.764  0.9140761
615.953  0.9142123
616.143  0.9143355
616.333  0.9144604
616.523  0.9145785
616.713  0.9146906
616.903  0.9148378
617.094  0.9149840
617.284  0.9151216
617.475  0.9152599
617.665  0.9153761
617.856  0.9155113
618.047  0.9156636
618.238  0.9158042
618.429  0.9159427
618.620  0.9160732
618.812  0.9161915
619.003  0.9163084
619.195  0.9164339
619.387  0.9165230
619.579  0.9166356
619.771  0.9167501
619.963  0.9168676
620.155  0.9169624
620.347  0.9170462
620.540  0.9171703
620.732  0.9172688
620.925  0.9174043
621.118  0.9175224
621.311  0.9176579
621.504  0.9177910
621.697  0.9179011
621.891  0.9180349
622.084  0.9181447
622.278  0.9182558
622.471  0.9183504
622.665  0.9184495
622.859  0.9185829
623.053  0.9186724
623.247  0.9187812
623.441  0.9188881
623.636  0.9189882
623.830  0.9191113
624.025  0.9192249
624.220  0.9193191
624.415  0.9194378
624.610  0.9195445
624.805  0.9194253
625.000  0.9197567
625.195  0.9196411
625.391  0.9200059
625.586  0.9201291
625.782  0.9199659
625.978  0.9198980
626.174  0.9204227
626.370  0.9186162
626.566  0.9195008
626.763  0.9201081
626.959  0.9177084
627.156  0.9198803
627.353  0.9172116
627.549  0.9208940
627.746  0.9182850
627.943  0.8539644
628.141  0.8768253
628.338  0.8969506
628.536  0.9061577
628.733  0.9160627
628.931  0.9155440
629.129  0.9056639
629.327  0.9116292
629.525  0.9077941
629.723  0.8990166
629.921  0.9099308
630.120  0.9107335
630.318  0.9146010
630.517  0.9138271
630.716  0.9156285
630.915  0.9158965
631.114  0.9171566
631.313  0.9182913
631.512  0.9190269
631.712  0.9161782
631.911  0.9194831
632.111  0.9153398
632.311  0.9223597
632.511  0.9177219
632.711  0.9226860
632.911  0.9233756
633.112  0.9213498
633.312  0.9221490
633.513  0.9232904
633.714  0.9236578
633.914  0.9246635
634.115  0.9247877
634.317  0.9213207
634.518  0.9250203
634.719  0.9250798
634.921  0.9218231
635.122  0.9257374
635.324  0.9223985
635.526  0.9260167
635.728  0.9250196
635.930  0.9252322
636.132  0.9248628
636.335  0.9241387
636.537  0.9262936
636.740  0.9265632
636.943  0.9254081
637.146  0.9261750
637.349  0.9240215
637.552  0.9263260
637.755  0.9271217
637.958  0.9275678
638.162  0.9269638
638.366  0.9266527
638.570  0.9271567
638.774  0.9274851
638.978  0.9276363
639.182  0.9270057
639.386  0.9276812
639.591  0.9279310
639.795  0.9282301
640.000  0.9279720
640.205  0.9281318
640.410  0.9281582
640.615  0.9286131
640.820  0.9288117
641.026  0.9273731
641.231  0.9288944
641.437  0.9293474
641.643  0.9290668
641.849  0.9288232
642.055  0.9291886
642.261  0.9298244
642.467  0.9298317
642.673  0.9282429
642.880  0.9301905
643.087  0.9300765
643.294  0.9297766
643.501  0.9279868
643.708  0.9294391
643.915  0.9309428
644.122  0.9291456
644.330  0.9303638
644.538  0.9287838
644.745  0.9295111
644.953  0.9288600
645.161  0.9299626
645.369  0.9304630
645.578  0.9263030
645.786  0.9291846
645.995  0.9250506
646.204  0.9234508
646.412  0.9264987
646.621  0.9210341
646.831  0.9216663
647.040  0.9153615
647.249  0.9249869
647.459  0.9132540
647.668  0.8990906
647.878  0.9201200
648.088  0.9094804
648.298  0.9273269
648.508  0.9037358
648.719  0.9219172
648.929  0.9181104
649.140  0.9276629
649.351  0.9157425
649.562  0.9136982
649.773  0.9163823
649.984  0.9257619
650.195  0.9332759
650.406  0.9299048
650.618  0.9270318
650.830  0.9336455
651.042  0.9248676
651.254  0.9336901
651.466  0.9232704
651.678  0.9065258
651.890  0.8915712
652.103  0.9192461
652.316  0.9310311
652.529  0.9194538
652.742  0.9337854
652.955  0.9340582
653.168  0.9317959
653.381  0.9235740
653.595  0.9253260
653.808  0.9295772
654.022  0.9349504
654.236  0.9341878
654.450  0.9288237
654.664  0.9153575
654.879  0.9290578
655.093  0.9218785
655.308  0.9340129
655.523  0.9151217
655.738  0.9332047
655.953  0.9230408
656.168  0.9316281
656.383  0.9310560
656.599  0.9206786
656.814  0.9359427
657.030  0.9298142
657.246  0.9343832
657.462  0.9254921
657.678  0.9219325
657.895  0.9364951
658.111  0.9365572
658.328  0.9331231
658.545  0.9337137
658.761  0.9283653
658.979  0.9357521
659.196  0.9379059
659.413  0.9375431
659.631  0.9353939
659.848  0.9373038
660.066  0.9340809
660.284  0.9375803
660.502  0.9364153
660.720  0.9374139
660.939  0.9391697
661.157  0.9387884
661.376  0.9368190
661.594  0.9396641
661.813  0.9390353
662.032  0.9395960
662.252  0.9394958
662.471  0.9393684
662.690  0.9401735
662.910  0.9387441
663.130  0.9397706
663.350  0.9396892
663.570  0.9397311
663.790  0.9406755
664.011  0.9404524
664.231  0.9404606
664.452  0.9395528
664.673  0.9405397
664.894  0.9410560
665.115  0.9405093
665.336  0.9412117
665.557  0.9411314
665.779  0.9413589
666.001  0.9416868
666.223  0.9412968
666.445  0.9414098
666.667  0.9413807
666.889  0.9420955
667.111  0.9422039
667.334  0.9418213
667.557  0.9423700
667.780  0.9425222
668.003  0.9426111
668.226  0.9427212
668.449  0.9425353
668.673  0.9429283
668.896  0.9430267
669.120  0.9431276
669.344  0.9432375
669.568  0.9433312
669.792  0.9434275
670.017  0.9434849
670.241  0.9436278
670.466  0.9437332
670.691  0.9438496
670.916  0.9439361
671.141  0.9440293
671.366  0.9441320
671.592  0.9442359
671.817  0.9443386
672.043  0.9444396
672.269  0.9445354
672.495  0.9446278
672.721  0.9447361
672.948  0.9448316
673.174  0.9449233
673.401  0.9449971
673.628  0.9451017
673.854  0.9452184
674.082  0.9452990
674.309  0.9453944
674.536  0.9454826
674.764  0.9455803
674.992  0.9456660
675.219  0.9457596
675.447  0.9458590
675.676  0.9459401
675.904  0.9460326
676.133  0.9461326
676.361  0.9462230
676.590  0.9463064
676.819  0.9464017
677.048  0.9464957
677.277  0.9465872
677.507  0.9466697
677.736  0.9467726
677.966  0.9468676
678.196  0.9469460
678.426  0.9470445
678.656  0.9471214
678.887  0.9471957
679.117  0.9472820
679.348  0.9473655
679.579  0.9474426
679.810  0.9475229
680.041  0.9476046
680.272  0.9475110
680.504  0.9475690
680.735  0.9478344
680.967  0.9476265
681.199  0.9479004
681.431  0.9479507
681.663  0.9476767
681.896  0.9478470
682.128  0.9482948
682.361  0.9481390
682.594  0.9475907
682.827  0.9482718
683.060  0.9481908
683.293  0.9486582
683.527  0.9482908
683.761  0.9488169
683.995  0.9479437
684.229  0.9485211
684.463  0.9479385
684.697  0.9482879
684.932  0.9487428
685.166  0.9492721
685.401  0.9488773
685.636  0.9484241
685.871  0.9491770
686.106  0.9489501
686.342  0.9487687
686.577  0.9482260
686.813  0.9238450
687.049  0.6199405
687.285  0.6773772
687.521  0.6981922
687.758  0.7163311
687.995  0.7984604
688.231  0.9026782
688.468  0.8902332
688.705  0.8575920
688.943  0.8410621
689.180  0.7712500
689.417  0.7807422
689.655  0.9368098
689.893  0.7813699
690.131  0.8815616
690.369  0.8758973
690.608  0.8078305
690.846  0.9410868
691.085  0.8325598
691.324  0.9446131
691.563  0.8391146
691.802  0.9450652
692.042  0.8641430
692.281  0.9444176
692.521  0.8638754
692.761  0.9348515
693.001  0.9218871
693.241  0.8937447
693.481  0.9063805
693.722  0.9238824
693.963  0.9168719
694.203  0.8715440
694.444  0.9107438
694.686  0.9217565
694.927  0.9000210
695.169  0.9093588
695.410  0.9418657
695.652  0.9235642
695.894  0.8906371
696.136  0.9194960
696.379  0.9154751
696.621  0.9353925
696.864  0.9522263
697.107  0.9520802
697.350  0.9372002
697.593  0.9487137
697.837  0.9395618
698.080  0.9476159
698.324  0.9382803
698.568  0.9460339
698.812  0.9196579
699.056  0.9084990
699.301  0.9291710
699.545  0.9066293
699.790  0.9512654
700.035  0.9027993
700.280  0.9493540
700.525  0.9340028
700.771  0.9006676
701.016  0.9401525
701.262  0.9177335
701.508  0.9469810
701.754  0.8991500
702.001  0.9435434
702.247  0.9331409
702.494  0.9196042
702.741  0.9406878
702.988  0.8964100
703.235  0.9496737
703.482  0.9536553
703.730  0.9534032
703.977  0.9300122
704.225  0.9216890
704.473  0.9451939
704.722  0.9508985
704.970  0.9421813
705.219  0.9315946
705.467  0.9290470
705.716  0.9483929
705.965  0.9335331
706.215  0.9465648
706.464  0.9418496
706.714  0.9375628
706.964  0.9462142
707.214  0.9522643
707.464  0.9434260
707.714  0.9468036
707.965  0.9382884
708.215  0.9447698
708.466  0.9533395
708.717  0.9500548
708.968  0.9444129
709.220  0.9482154
709.471  0.9527897
709.723  0.9477565
709.975  0.9476813
710.227  0.9467234
710.480  0.9481233
710.732  0.9449039
710.985  0.9519389
711.238  0.9492420
711.491  0.9515439
711.744  0.9527136
711.997  0.9497180
712.251  0.9524492
712.504  0.9511597
712.758  0.9538692
713.012  0.9458153
713.267  0.9456151
713.521  0.9512640
713.776  0.9559280
714.031  0.9453264
714.286  0.9493573
714.541  0.9485322
714.796  0.9496582
715.052  0.9392065
715.308  0.9365451
715.564  0.9497476
715.820  0.9432393
716.076  0.9354692
716.332  0.9432069
716.589  0.9231067
716.846  0.8982243
717.103  0.8553553
717.360  0.8283838
717.617  0.8403064
717.875  0.7690726
718.133  0.9081921
718.391  0.8270844
718.649  0.8101757
718.907  0.6945696
719.166  0.9334847
719.424  0.7504191
719.683  0.7885390
719.942  0.8268558
720.202  0.7687533
720.461  0.8937309
720.721  0.7374207
720.981  0.9375428
721.241  0.8758337
721.501  0.9468272
721.761  0.8992846
722.022  0.9285328
722.282  0.9520171
722.543  0.8841685
722.805  0.9455782
723.066  0.8913821
723.327  0.9004157
723.589  0.7125885
723.851  0.8779902
724.113  0.9050259
724.375  0.8433774
724.638  0.7683990
724.900  0.9028458
725.163  0.8894838
725.426  0.7783083
725.689  0.8891063
725.953  0.8581218
726.216  0.8959115
726.480  0.8951265
726.744  0.7645257
727.008  0.9448273
727.273  0.8994431
727.537  0.8321901
727.802  0.7951077
728.067  0.8082999
728.332  0.9038625
728.597  0.9441499
728.863  0.8815477
729.129  0.8219250
729.395  0.8641820
729.661  0.8698087
729.927  0.9334731
730.193  0.8909405
730.460  0.8507909
730.727  0.8579781
730.994  0.9233290
731.261  0.8502970
731.529  0.9006982
731.797  0.8786013
732.064  0.8783040
732.332  0.9429503
732.601  0.9328742
732.869  0.9257015
733.138  0.9511001
733.407  0.9178403
733.676  0.9104098
733.945  0.9581810
734.214  0.9479810
734.484  0.9407767
734.754  0.9409049
735.024  0.9229580
735.294  0.9493116
735.565  0.9433206
735.835  0.9379693
736.106  0.9359614
736.377  0.9410293
736.648  0.9272586
736.920  0.9447665
737.191  0.9341762
737.463  0.9414120
737.735  0.9570742
738.007  0.9487839
738.280  0.9547473
738.552  0.9343569
738.825  0.9612568
739.098  0.9498189
739.372  0.9466906
739.645  0.9607108
739.919  0.9391961
740.192  0.9595806
740.466  0.9582581
740.741  0.9586967
741.015  0.9586794
741.290  0.9532787
741.565  0.9605947
741.840  0.9592277
742.115  0.9631133
742.391  0.9577626
742.666  0.9559207
742.942  0.9623911
743.218  0.9632355
743.494  0.9633681
743.771  0.9627276
744.048  0.9628997
744.325  0.9606941
744.602  0.9636895
744.879  0.9637470
745.156  0.9634752
745.434  0.9632021
745.712  0.9629904
745.990  0.9636308
746.269  0.9639109
746.547  0.9643192
746.826  0.9639089
747.105  0.9636478
747.384  0.9643160
747.664  0.9644104
747.943  0.9639326
748.223  0.9643490
748.503  0.9643951
748.783  0.9646741
749.064  0.9646400
749.344  0.9647045
749.625  0.9645497
749.906  0.9649694
750.188  0.9648774
750.469  0.9648054
750.751  0.9649656
751.033  0.9651842
751.315  0.9652462
751.597  0.9653972
751.880  0.9651817
752.162  0.9655440
752.445  0.9655314
752.729  0.9656926
753.012  0.9656614
753.296  0.9658352
753.579  0.9659079
753.864  0.9658944
754.148  0.9658193
754.432  0.9660052
754.717  0.9660397
755.002  0.9658330
755.287  0.9661951
755.572  0.9663682
755.858  0.9664328
756.144  0.9664931
756.430  0.9665510
756.716  0.9666084
757.002  0.9666656
757.289  0.9667199
757.576  0.9667741
757.863  0.9668281
758.150  0.9668550
758.438  0.9667146
758.725  0.9661015
759.013  0.9647361
759.301  0.9611467
759.590  0.7370165
759.878  0.4133709
760.167  0.3317760
760.456  0.3172453
760.746  0.2846018
761.035  0.3355471
761.325  0.4011288
761.615  0.4882440
761.905  0.8254907
762.195  0.7627036
762.486  0.6426158
762.776  0.5262092
763.068  0.5636600
763.359  0.4128931
763.650  0.6373337
763.942  0.6730147
764.234  0.4551537
764.526  0.7334736
764.818  0.7317982
765.111  0.5910571
765.404  0.9197279
765.697  0.6293979
765.990  0.9438126
766.284  0.7326610
766.577  0.8783515
766.871  0.8750866
767.165  0.9076608
767.460  0.9097848
767.754  0.9215186
768.049  0.9284461
768.344  0.9395080
768.640  0.9225302
768.935  0.9664238
769.231  0.9158090
769.527  0.9667493
769.823  0.9417282
770.119  0.9669274
770.416  0.9624560
770.713  0.9629992
771.010  0.9685069
771.307  0.9642157
771.605  0.9679883
771.903  0.9660175
772.201  0.9679125
772.499  0.9678273
772.798  0.9667850
773.096  0.9674163
773.395  0.9686460
773.694  0.9676423
773.994  0.9683852
774.293  0.9682858
774.593  0.9682294
774.893  0.9687976
775.194  0.9684673
775.494  0.9688059
775.795  0.9686507
776.096  0.9688470
776.398  0.9687842
776.699  0.9689198
777.001  0.9688571
777.303  0.9689684
777.605  0.9689621
777.907  0.9688382
778.210  0.9689974
778.513  0.9690800
778.816  0.9690873
779.120  0.9691519
779.423  0.9688999
779.727  0.9691673
780.031  0.9692788
780.336  0.9693224
780.640  0.9690769
780.945  0.9694305
781.250  0.9694826
781.555  0.9694855
781.861  0.9695861
782.167  0.9695108
782.473  0.9695723
782.779  0.9697603
783.085  0.9698228
783.392  0.9695594
783.699  0.9698383
784.006  0.9700003
784.314  0.9700000
784.621  0.9700539
784.929  0.9688830
785.238  0.9690458
785.546  0.9674987
785.855  0.9702802
786.164  0.9691037
786.473  0.9686780
786.782  0.9586181
787.092  0.9652301
787.402  0.9646031
787.712  0.9645406
788.022  0.9603812
788.333  0.9584769
788.644  0.9661712
788.955  0.9552706
789.266  0.9485214
789.578  0.9526891
789.889  0.9432923
790.201  0.9615473
790.514  0.9393430
790.826  0.9683955
791.139  0.9344332
791.452  0.9666268
791.766  0.9574924
792.079  0.9608344
792.393  0.9491654
792.707  0.9562656
793.021  0.9437786
793.336  0.9637026
793.651  0.9713289
793.966  0.9693648
794.281  0.9668889
794.597  0.9701647
794.913  0.9638302
795.229  0.9633334
795.545  0.9659826
795.862  0.9672243
796.178  0.9303408
796.495  0.9287663
796.813  0.9686899
797.130  0.9535755
797.448  0.9584068
797.766  0.9622112
798.085  0.9673782
798.403  0.9656269
798.722  0.9504792
799.041  0.9684464
799.361  0.9653250
799.680  0.9650166
800.000  0.9556067
800.320  0.9503992
800.641  0.9644595
800.961  0.9403551
801.282  0.9675286
801.603  0.9415866
801.925  0.9642880
802.246  0.9634441
802.568  0.9478183
802.890  0.9537837
803.213  0.9578366
803.536  0.9562960
803.859  0.9567890
804.182  0.9643901
804.505  0.9484611
804.829  0.9597819
805.153  0.9698663
805.477  0.9667908
805.802  0.9683587
806.127  0.9655891
806.452  0.9646926
806.777  0.9693483
807.102  0.9620620
807.428  0.9703487
807.754  0.9659889
808.081  0.9669540
808.407  0.9666560
808.734  0.9558252
809.061  0.9706358
809.389  0.9625607
809.717  0.9431013
810.045  0.9607923
810.373  0.9675127
810.701  0.9597470
811.030  0.9525809
811.359  0.9490631
811.688  0.9381654
812.018  0.9512614
812.348  0.9320167
812.678  0.9412452
813.008  0.9546431
813.339  0.8921583
813.670  0.8353194
814.001  0.9380769
814.332  0.8300355
814.664  0.9267025
814.996  0.8271827
815.328  0.8644155
815.661  0.8181927
815.993  0.8766543
816.327  0.8123449
816.660  0.7885267
816.993  0.8882973
817.327  0.8701098
817.661  0.9431127
817.996  0.6688196
818.331  0.8564575
818.666  0.9445849
819.001  0.7795709
819.336  0.9467436
819.672  0.8702549
820.008  0.8071755
820.345  0.8904213
820.681  0.9612962
821.018  0.9550351
821.355  0.9086121
821.693  0.9582853
822.030  0.8988303
822.368  0.9192155
822.707  0.8597752
823.045  0.5697262
823.384  0.7946403
823.723  0.8611675
824.063  0.9092462
824.402  0.9411645
824.742  0.8866289
825.082  0.9696205
825.423  0.9342989
825.764  0.8831691
826.105  0.8938581
826.446  0.9224706
826.788  0.9661968
827.130  0.9651940
827.472  0.8924802
827.815  0.7989265
828.157  0.8920215
828.500  0.8844787
828.844  0.9503509
829.187  0.8180561
829.531  0.8987419
829.876  0.9519884
830.220  0.9029054
830.565  0.8743320
830.910  0.9621600
831.255  0.9222601
831.601  0.9551071
831.947  0.8573488
832.293  0.8707182
832.639  0.9698447
832.986  0.9462340
833.333  0.9116391
833.681  0.9238526
834.028  0.9172123
834.376  0.9534189
834.725  0.9735265
835.073  0.9395793
835.422  0.9539317
835.771  0.9340699
836.120  0.9588632
836.470  0.9448391
836.820  0.9526400
837.170  0.9679865
837.521  0.9573709
837.872  0.9435587
838.223  0.9723293
838.574  0.9653758
838.926  0.9567240
839.278  0.9739636
839.631  0.9641661
839.983  0.9678422
840.336  0.9714931
840.689  0.9622688
841.043  0.9557167
841.397  0.9746744
841.751  0.9658126
842.105  0.9646865
842.460  0.9748347
842.815  0.9763457
843.170  0.9660003
843.526  0.9739617
843.882  0.9638084
844.238  0.9752050
844.595  0.9705171
844.951  0.9746823
845.309  0.9735493
845.666  0.9766704
846.024  0.9765361
846.382  0.9702855
846.740  0.9765152
847.099  0.9761203
847.458  0.9767947
847.817  0.9768264
848.176  0.9701845
848.536  0.9759463
848.896  0.9718156
849.257  0.9740888
849.618  0.9754110
849.979  0.9743368
850.340  0.9746643
850.702  0.9717372
851.064  0.9769052
851.426  0.9652964
851.789  0.9755481
852.152  0.9716086
852.515  0.9753076
852.878  0.9753013
853.242  0.9759251
853.606  0.9744501
853.971  0.9757120
854.336  0.9712374
854.701  0.9754369
855.066  0.9764979
855.432  0.9747170
855.798  0.9749972
856.164  0.9773346
856.531  0.9764072
856.898  0.9772540
857.265  0.9763828
857.633  0.9740003
858.001  0.9776456
858.369  0.9775176
858.738  0.9776721
859.107  0.9762445
859.476  0.9778185
859.845  0.9777957
860.215  0.9779368
860.585  0.9778731
860.956  0.9780095
861.326  0.9773135
861.698  0.9780439
862.069  0.9780488
862.441  0.9781009
862.813  0.9780560
863.185  0.9780995
863.558  0.9780092
863.931  0.9782741
864.304  0.9783902
864.678  0.9784768
865.052  0.9784597
865.426  0.9785108
865.801  0.9784858
866.176  0.9785105
866.551  0.9786177
866.927  0.9786473
867.303  0.9786407
867.679  0.9786796
868.056  0.9788222
868.432  0.9787928
868.810  0.9788476
869.187  0.9789254
869.565  0.9789298
869.943  0.9789819
870.322  0.9790131
870.701  0.9790428
871.080  0.9788987
871.460  0.9791172
871.840  0.9791505
872.220  0.9791830
872.600  0.9792150
872.981  0.9792463
873.362  0.9792767
873.744  0.9793067
874.126  0.9793362
874.508  0.9793649
874.891  0.9793860
875.273  0.9791207
875.657  0.9794466
876.040  0.9789699
876.424  0.9792415
876.808  0.9795273
877.193  0.9792446
877.578  0.9795783
877.963  0.9795967
878.349  0.9781463
878.735  0.9789892
879.121  0.9792598
879.508  0.9791902
879.894  0.9797153
880.282  0.9785128
880.669  0.9775159
881.057  0.9794740
881.446  0.9772698
881.834  0.9798047
882.223  0.9751428
882.613  0.9785423
883.002  0.9798777
883.392  0.9770517
883.783  0.9774624
884.173  0.9787728
884.564  0.9799518
884.956  0.9783704
885.347  0.9771659
885.740  0.9797648
886.132  0.9658502
886.525  0.9799730
886.918  0.9744769
887.311  0.9776938
887.705  0.9800341
888.099  0.9652605
888.494  0.9767293
888.889  0.9796807
889.284  0.9798584
889.680  0.9772757
890.076  0.9729036
890.472  0.9744220
890.869  0.9750810
891.266  0.9772351
891.663  0.9770388
892.061  0.9602218
892.459  0.9780522
892.857  0.9712402
893.256  0.9213599
893.655  0.9388369
894.055  0.9772671
894.454  0.9251048
894.855  0.9201716
895.255  0.9155224
895.656  0.8227676
896.057  0.9305049
896.459  0.7974594
896.861  0.8320140
897.263  0.8422842
897.666  0.8353653
898.069  0.9350128
898.473  0.8480089
898.876  0.7257024
899.281  0.5984064
899.685  0.9343369
900.090  0.8501945
900.495  0.7337202
900.901  0.8105874
901.307  0.7965447
901.713  0.8687888
902.120  0.8207226
902.527  0.8127762
902.935  0.8146104
903.342  0.8467351
903.751  0.9597980
904.159  0.9369153
904.568  0.8882727
904.977  0.9380738
905.387  0.8625240
905.797  0.9635801
906.208  0.8866259
906.618  0.8309639
907.029  0.8320920
907.441  0.7709398
907.853  0.8942079
908.265  0.6838829
908.678  0.9348469
909.091  0.7409612
909.504  0.8201171
909.918  0.8698451
910.332  0.7752604
910.747  0.8095749
911.162  0.8298842
911.577  0.9528745
911.993  0.6688027
912.409  0.9543254
912.825  0.8720661
913.242  0.6851999
913.659  0.7412591
914.077  0.8069645
914.495  0.8788247
914.913  0.9176164
915.332  0.7444403
915.751  0.6249731
916.170  0.8603254
916.590  0.9113591
917.011  0.8545885
917.431  0.8606622
917.852  0.6636619
918.274  0.8797175
918.695  0.7967318
919.118  0.9432893
919.540  0.8971066
919.963  0.8293311
920.387  0.9722688
920.810  0.9119960
921.234  0.9184329
921.659  0.8512719
922.084  0.8801289
922.509  0.9477331
922.935  0.8985884
923.361  0.8972292
923.788  0.8960524
924.214  0.8691214
924.642  0.8700553
925.069  0.8811439
925.497  0.8630080
925.926  0.9500739
926.355  0.8205898
926.784  0.9444655
927.214  0.9269088
927.644  0.8502310
928.074  0.6928022
928.505  0.8732981
928.936  0.6821410
929.368  0.7781868
929.800  0.6977568
930.233  0.6015853
930.665  0.7218371
931.099  0.4724847
931.532  0.7414145
931.966  0.3024367
932.401  0.5410099
932.836  0.3267787
933.271  0.5991339
933.707  0.3352309
934.143  0.3761031
934.579  0.1743819
935.016  0.5742248
935.454  0.5166713
935.891  0.2808381
936.330  0.5608127
936.768  0.4111712
937.207  0.3307462
937.646  0.5735535
938.086  0.3739358
938.526  0.4853371
938.967  0.5353083
939.408  0.7834926
939.850  0.7892760
940.291  0.5360022
940.734  0.6274079
941.176  0.5488371
941.620  0.7538262
942.063  0.6273931
942.507  0.6552191
942.951  0.2976031
943.396  0.6300139
943.841  0.6838433
944.287  0.2738470
944.733  0.4864422
945.180  0.7088546
945.627  0.5523359
946.074  0.4504407
946.522  0.5483111
946.970  0.5668717
947.418  0.6606869
947.867  0.5438335
948.317  0.3173905
948.767  0.6885677
949.217  0.8084530
949.668  0.4621431
950.119  0.3968162
950.570  0.5812507
951.022  0.7748267
951.475  0.7348485
951.928  0.5236768
952.381  0.4104280
952.835  0.6035118
953.289  0.6170078
953.743  0.6310101
954.198  0.6929381
954.654  0.5280605
955.110  0.7117515
955.566  0.5581988
956.023  0.5380990
956.480  0.6917651
956.938  0.4721736
957.396  0.7158126
957.854  0.8339722
958.313  0.5355300
958.773  0.7735446
959.233  0.4700014
959.693  0.6090122
960.154  0.6469417
960.615  0.7201446
961.076  0.6633229
961.538  0.7788298
962.001  0.7579985
962.464  0.5697868
962.927  0.6423317
963.391  0.9033961
963.855  0.6304321
964.320  0.8099268
964.785  0.6630405
965.251  0.8311744
965.717  0.7888161
966.184  0.7637660
966.651  0.6574668
967.118  0.7169249
967.586  0.9623906
968.054  0.9517102
968.523  0.7796760
968.992  0.9208805
969.462  0.9005931
969.932  0.9151586
970.403  0.8171831
970.874  0.9613708
971.345  0.8979572
971.817  0.8323453
972.290  0.9637118
972.763  0.7992697
973.236  0.8827676
973.710  0.7982371
974.184  0.8889310
974.659  0.7905979
975.134  0.8230694
975.610  0.8413429
976.086  0.7876893
976.562  0.8009454
977.040  0.8937581
977.517  0.9134912
977.995  0.8643616
978.474  0.8410691
978.953  0.9204741
979.432  0.7679644
979.912  0.9526343
980.392  0.7808446
980.873  0.9680661
981.354  0.9554587
981.836  0.9014618
982.318  0.9551104
982.801  0.8596440
983.284  0.9284543
983.768  0.9699394
984.252  0.9714559
984.737  0.9202836
985.222  0.9140566
985.707  0.9738811
986.193  0.9740105
986.680  0.9777856
987.167  0.9592225
987.654  0.9538776
988.142  0.9743243
988.631  0.9811458
989.120  0.9779843
989.609  0.9770602
990.099  0.9608724
990.589  0.9782489
991.080  0.9773677
991.572  0.9799415
992.063  0.9793209
992.556  0.9825812
993.049  0.9647342
993.542  0.9814369
994.036  0.9829887
994.530  0.9832519
995.025  0.9846071
995.520  0.9826500
996.016  0.9820477
996.512  0.9849435
997.009  0.9815872
997.506  0.9851290
998.004  0.9814851
998.502  0.9831963
999.001  0.9836325
999.500  0.9804497
1000.000  0.9800714
1000.500  0.9854801
1001.001  0.9858513
1001.502  0.9811805
1002.004  0.9660429
1002.506  0.9766258
1003.009  0.9851120
1003.512  0.9856205
1004.016  0.9791606
1004.520  0.9817598
1005.025  0.9839658
1005.530  0.9804330
1006.036  0.9841674
1006.543  0.9838528
1007.049  0.9833379
1007.557  0.9848589
1008.065  0.9793152
1008.573  0.9839938
1009.082  0.9774628
1009.591  0.9706773
1010.101  0.9798963
1010.611  0.9840427
1011.122  0.9852923
1011.634  0.9838195
1012.146  0.9795333
1012.658  0.9856802
1013.171  0.9838905
1013.685  0.9863283
1014.199  0.9838609
1014.713  0.9824937
1015.228  0.9863143
1015.744  0.9815529
1016.260  0.9864220
1016.777  0.9834502
1017.294  0.9834028
1017.812  0.9856476
1018.330  0.9864665
1018.849  0.9857051
1019.368  0.9757934
1019.888  0.9864725
1020.408  0.9841949
1020.929  0.9863792
1021.450  0.9846736
1021.972  0.9833136
1022.495  0.9865524
1023.018  0.9816854
1023.541  0.9825527
1024.066  0.9762241
1024.590  0.9866029
1025.115  0.9849715
1025.641  0.9844492
1026.167  0.9848151
1026.694  0.9866613
1027.221  0.9838582
1027.749  0.9824479
1028.278  0.9866584
1028.807  0.9830032
1029.336  0.9858008
1029.866  0.9858210
1030.397  0.9867563
1030.928  0.9859299
1031.460  0.9851300
1031.992  0.9866161
1032.524  0.9868010
1033.058  0.9867926
1033.592  0.9855382
1034.126  0.9868106
1034.661  0.9868139
1035.197  0.9868102
1035.733  0.9865586
1036.269  0.9863935
1036.807  0.9865423
1037.344  0.9865651
1037.883  0.9867112
1038.422  0.9864941
1038.961  0.9866582
1039.501  0.9866600
1040.042  0.9866448
1040.583  0.9864734
1041.125  0.9865375
1041.667  0.9866359
1042.209  0.9866311
1042.753  0.9865970
1043.297  0.9865697
1043.841  0.9865398
1044.386  0.9864955
1044.932  0.9864439
1045.478  0.9863846
1046.025  0.9863238
1046.572  0.9862639
1047.120  0.9861993
1047.669  0.9861225
1048.218  0.9860344
1048.768  0.9859327
1049.318  0.9850208
1049.869  0.9850677
1050.420  0.9853444
1050.972  0.9853242
1051.525  0.9849475
1052.078  0.9847928
1052.632  0.9844688
1053.186  0.9843813
1053.741  0.9841492
1054.296  0.9839156
1054.852  0.9834560
1055.409  0.9831652
1055.966  0.9826015
1056.524  0.9823151
1057.082  0.9818053
1057.641  0.9812519
1058.201  0.9807714
1058.761  0.9800505
1059.322  0.9799282
1059.883  0.9796198
1060.445  0.9794068
1061.008  0.9789626
1061.571  0.9790757
1062.135  0.9777190
1062.699  0.9776002
1063.264  0.9774957
1063.830  0.9775546
1064.396  0.9769275
1064.963  0.9745968
1065.530  0.9766085
1066.098  0.9763661
1066.667  0.9769349
1067.236  0.9760665
1067.806  0.9738166
1068.376  0.9778502
1068.947  0.9779771
1069.519  0.9749081
1070.091  0.9749020
1070.664  0.9812676
1071.237  0.9810974
1071.811  0.9801524
1072.386  0.9742502
1072.961  0.9807753
1073.537  0.9843728
1074.114  0.9841933
1074.691  0.9595878
1075.269  0.9844261
1075.847  0.9853960
1076.426  0.9824346
1077.006  0.9834734
1077.586  0.9569561
1078.167  0.9809649
1078.749  0.9841143
1079.331  0.9836357
1079.914  0.9816153
1080.497  0.9510868
1081.081  0.9810585
1081.666  0.9582082
1082.251  0.9837979
1082.837  0.9871231
1083.424  0.9440246
1084.011  0.9782847
1084.599  0.9710544
1085.187  0.9772867
1085.776  0.9554735
1086.366  0.9108281
1086.957  0.9628615
1087.547  0.9780550
1088.139  0.9852531
1088.732  0.9717174
1089.325  0.9400931
1089.918  0.9742200
1090.513  0.9155448
1091.108  0.9830477
1091.703  0.9849190
1092.299  0.9230126
1092.896  0.9176178
1093.494  0.9703187
1094.092  0.9612040
1094.691  0.9014195
1095.290  0.9724882
1095.890  0.8930417
1096.491  0.9423604
1097.093  0.9810841
1097.695  0.9009345
1098.298  0.9319994
1098.901  0.9097490
1099.505  0.8686735
1100.110  0.9048200
1100.716  0.8871743
1101.322  0.9207107
1101.928  0.8404555
1102.536  0.8741937
1103.144  0.8646321
1103.753  0.9251354
1104.362  0.7929630
1104.972  0.9164659
1105.583  0.8531789
1106.195  0.7736750
